%TITLE%
 XXX   230914/2005
 Saved by user: User on 20230914/2114 UTC
   LEVEL       HGHT       TEMP       DWPT       WDIR       WSPD
-------------------------------------------------------------------
%RAW%
991.34,	20,	18.44,	9.66,	135,	5.06
989.04,	40,	18.13,	9.37,	134.9,	5.17
986.75,	60,	17.83,	9.14,	135.4,	5.15
984.46,	80,	17.59,	9.07,	137.6,	5.11
982.17,	100,	17.38,	9.03,	137.6,	5.03
979.88,	120,	17.19,	9.01,	135.5,	4.91
977.6,	140,	17.01,	8.99,	132,	4.75
975.32,	160,	16.8,	8.99,	129.2,	4.61
973.05,	180,	16.66,	8.93,	131.7,	4.5
970.78,	200,	16.53,	8.88,	136.1,	4.51
968.52,	220,	16.35,	8.79,	140,	4.69
966.26,	240,	16.17,	8.74,	141.1,	4.8
964,	260,	15.98,	8.68,	142.6,	4.86
961.75,	280,	15.74,	8.64,	142.2,	4.87
959.5,	300,	15.55,	8.60,	142.4,	4.88
957.25,	320,	15.38,	8.54,	143,	4.79
955.01,	340,	15.11,	8.46,	141,	4.76
952.77,	360,	14.85,	8.38,	137.9,	4.67
950.53,	380,	14.64,	8.36,	137.8,	4.53
948.3,	400,	14.43,	8.31,	139,	4.47
946.07,	420,	14.24,	8.28,	139,	4.32
943.85,	440,	14.06,	8.27,	138.7,	4.21
941.63,	460,	13.88,	8.24,	137.5,	4.18
939.41,	480,	13.73,	8.19,	137.6,	4.17
937.2,	500,	13.59,	8.14,	140.7,	4.12
934.99,	520,	13.49,	8.04,	145.1,	4.11
932.79,	540,	13.36,	7.96,	146.4,	4.01
930.58,	560,	13.09,	7.89,	148.9,	3.9
928.39,	580,	12.82,	7.88,	151.4,	3.81
926.19,	600,	12.64,	7.87,	152.6,	3.82
924,	620,	12.49,	7.74,	154.6,	3.76
921.82,	640,	12.38,	7.55,	157.9,	3.69
919.64,	660,	12.21,	7.41,	162.1,	3.55
917.46,	680,	12.07,	7.36,	164.2,	3.42
915.29,	700,	11.91,	7.28,	166.8,	3.21
913.11,	720,	11.72,	7.18,	172.5,	3.11
910.95,	740,	11.61,	7.13,	178.6,	3.03
908.79,	760,	11.52,	7.06,	186.9,	3.03
906.63,	780,	11.45,	6.98,	196.8,	3.05
904.48,	800,	11.37,	6.88,	207.8,	3.15
902.33,	820,	11.3,	6.81,	220.6,	3.28
900.19,	840,	11.28,	6.81,	230.2,	3.46
898.05,	860,	11.27,	6.80,	233.1,	3.52
895.91,	880,	11.21,	6.71,	235.5,	3.6
893.78,	900,	11.1,	6.60,	238,	3.68
891.66,	920,	11,	6.52,	243,	3.92
889.54,	940,	10.95,	6.46,	246.8,	4.17
887.42,	960,	10.86,	6.29,	250.3,	4.52
885.31,	980,	10.81,	6.10,	252.5,	4.84
883.2,	1000,	10.77,	5.90,	255,	5.18
881.1,	1020,	10.71,	5.66,	257,	5.51
879,	1040,	10.54,	5.36,	257.9,	5.8
876.91,	1060,	10.4,	5.24,	257.6,	6.04
874.82,	1080,	10.23,	5.18,	258.5,	6.15
872.73,	1100,	10.06,	5.10,	260.2,	6.17
870.65,	1120,	9.93,	5.02,	261.3,	6.17
868.57,	1140,	9.76,	4.85,	261.8,	6.1
866.49,	1160,	9.56,	4.66,	263.9,	6.11
864.42,	1180,	9.46,	4.52,	266.1,	6.17
862.35,	1200,	9.35,	4.34,	268.3,	6.29
860.29,	1220,	9.22,	4.13,	270,	6.38
858.23,	1240,	9.06,	3.96,	272.6,	6.46
856.17,	1260,	8.89,	3.79,	275.1,	6.48
854.12,	1280,	8.72,	3.69,	275.7,	6.46
852.07,	1300,	8.52,	3.54,	275.4,	6.41
850.03,	1320,	8.38,	3.41,	274.7,	6.37
847.99,	1340,	8.25,	3.30,	274.4,	6.33
845.95,	1360,	8.08,	3.10,	275.3,	6.3
843.91,	1380,	7.96,	2.88,	277.8,	6.25
841.88,	1400,	7.78,	2.61,	278.6,	6.21
839.86,	1420,	7.55,	2.29,	281,	6.08
837.83,	1440,	7.43,	1.97,	285.4,	5.99
835.81,	1460,	7.36,	1.49,	291.5,	5.86
833.8,	1480,	7.35,	0.79,	296.6,	5.83
831.79,	1500,	7.34,	-0.60,	302.9,	5.72
829.78,	1520,	7.37,	-2.03,	307.7,	5.66
827.77,	1540,	7.41,	-3.67,	312.7,	5.54
825.77,	1560,	7.49,	-5.93,	318.8,	5.54
823.78,	1580,	7.61,	-8.22,	324.8,	5.42
821.79,	1600,	7.81,	-11.28,	331,	5.36
819.81,	1620,	7.98,	-14.81,	338,	5.23
817.83,	1640,	8.07,	-16.83,	344.1,	5.08
815.86,	1660,	8.14,	-18.52,	347.4,	4.89
813.89,	1680,	8.16,	-20.11,	348.1,	4.8
811.92,	1700,	8.15,	-21.17,	345.3,	4.73
809.96,	1720,	8.12,	-21.76,	342.7,	4.71
808.01,	1740,	8.08,	-21.90,	339.4,	4.72
806.06,	1760,	8.03,	-21.60,	340,	4.68
804.11,	1780,	7.93,	-20.91,	343,	4.59
802.17,	1800,	7.8,	-20.10,	347.8,	4.49
800.23,	1820,	7.66,	-19.17,	351.2,	4.43
798.29,	1840,	7.53,	-18.15,	353.4,	4.43
796.37,	1860,	7.4,	-17.45,	353.2,	4.44
794.44,	1880,	7.3,	-16.99,	352.6,	4.45
792.52,	1900,	7.14,	-16.68,	352.2,	4.42
790.6,	1920,	6.98,	-16.74,	352.6,	4.36
788.69,	1940,	6.82,	-17.02,	352.7,	4.25
786.78,	1960,	6.59,	-17.42,	353,	4.14
784.87,	1980,	6.4,	-17.80,	352.8,	4.07
782.97,	2000,	6.29,	-17.89,	351.8,	4.03
781.07,	2020,	6.24,	-17.64,	351.6,	4.05
779.18,	2040,	6.19,	-17.17,	350.9,	4.03
777.29,	2060,	6.12,	-16.88,	348.7,	4.12
775.4,	2080,	6.1,	-16.97,	342.9,	4.37
773.53,	2100,	6.21,	-17.73,	338.9,	4.82
771.65,	2120,	6.47,	-19.77,	337.7,	5.25
769.78,	2140,	6.77,	-22.58,	340.7,	5.68
767.92,	2160,	7.04,	-25.38,	344.1,	5.98
766.06,	2180,	7.22,	-27.41,	347.7,	6
764.21,	2200,	7.32,	-28.59,	347.6,	5.8
762.36,	2220,	7.43,	-28.89,	347,	5.48
760.52,	2240,	7.5,	-28.64,	345,	5.19
758.68,	2260,	7.51,	-28.08,	342.4,	4.92
756.85,	2280,	7.43,	-27.09,	338.5,	4.83
755.02,	2300,	7.4,	-26.30,	337.1,	4.87
753.19,	2320,	7.39,	-26.15,	337,	5.05
751.37,	2340,	7.33,	-26.35,	336.1,	5.19
749.55,	2360,	7.2,	-26.61,	334.7,	5.26
747.74,	2380,	7.11,	-26.52,	332.4,	5.26
745.93,	2400,	7.07,	-26.39,	329.6,	5.22
744.13,	2420,	7.1,	-26.52,	327.3,	5.22
742.32,	2440,	7.12,	-26.82,	326.8,	5.26
740.53,	2460,	7.07,	-27.35,	326.1,	5.29
738.74,	2480,	6.94,	-27.96,	326.6,	5.23
736.95,	2500,	6.88,	-28.18,	326.5,	5.14
735.16,	2520,	6.89,	-28.17,	325.2,	5
733.38,	2540,	6.88,	-27.83,	322.9,	4.83
731.6,	2560,	6.81,	-27.55,	320.5,	4.66
729.83,	2580,	6.7,	-27.46,	317.2,	4.47
728.06,	2600,	6.58,	-27.55,	313.8,	4.29
726.3,	2620,	6.46,	-27.64,	310.3,	4.18
724.53,	2640,	6.36,	-28.05,	310.8,	4.19
722.78,	2660,	6.32,	-28.59,	316.3,	4.27
721.02,	2680,	6.29,	-28.97,	323.6,	4.5
719.27,	2700,	6.25,	-28.47,	328,	4.77
717.53,	2720,	6.15,	-27.39,	330.7,	5.06
715.79,	2740,	6.03,	-24.07,	330.6,	5.34
714.05,	2760,	5.87,	-19.32,	330.2,	5.6
712.31,	2780,	5.74,	-17.13,	329.3,	5.76
710.58,	2800,	5.56,	-16.68,	328.5,	5.78
708.85,	2820,	5.37,	-16.77,	327.2,	5.8
707.13,	2840,	5.23,	-16.76,	327.5,	5.66
705.41,	2860,	5.11,	-16.11,	328.1,	5.43
703.69,	2880,	4.98,	-15.18,	328.7,	5.13
701.98,	2900,	4.85,	-14.85,	329.4,	4.92
700.27,	2920,	4.73,	-14.95,	331,	4.75
698.56,	2940,	4.63,	-15.03,	332.1,	4.75
696.85,	2960,	4.47,	-14.90,	332.7,	4.84
695.15,	2980,	4.32,	-15.03,	331,	5.1
693.45,	3000,	4.17,	-15.86,	327.5,	5.45
691.76,	3020,	4.11,	-17.19,	324.7,	5.7
690.07,	3040,	4.06,	-18.38,	324.1,	5.76
688.38,	3060,	3.99,	-19.33,	323.7,	5.77
686.7,	3080,	3.91,	-19.91,	325,	5.76
685.02,	3100,	3.82,	-20.59,	327.1,	5.89
683.34,	3120,	3.67,	-21.34,	328.9,	6.15
681.67,	3140,	3.55,	-21.85,	328.5,	6.42
680,	3160,	3.44,	-21.94,	328.1,	6.45
678.33,	3180,	3.36,	-21.84,	327.8,	6.37
676.67,	3200,	3.25,	-21.76,	328,	6.12
675.01,	3220,	3.1,	-21.72,	329,	5.91
673.35,	3240,	2.97,	-21.67,	330.8,	5.73
671.7,	3260,	2.8,	-21.49,	330.8,	5.59
670.05,	3280,	2.55,	-21.31,	329.6,	5.37
668.4,	3300,	2.41,	-21.35,	330.3,	5.19
666.76,	3320,	2.28,	-21.31,	332,	5.13
665.12,	3340,	2.16,	-21.19,	332.3,	5.19
663.48,	3360,	2.01,	-21.17,	331.4,	5.32
661.84,	3380,	1.89,	-21.41,	331.1,	5.49
660.21,	3400,	1.79,	-21.93,	331,	5.66
658.59,	3420,	1.71,	-22.61,	330.4,	5.82
656.96,	3440,	1.7,	-23.34,	329.9,	5.97
655.34,	3460,	1.76,	-23.98,	328.5,	6.1
653.72,	3480,	1.78,	-24.32,	327,	6.24
652.11,	3500,	1.71,	-24.37,	324.9,	6.3
650.5,	3520,	1.62,	-24.00,	323.9,	6.32
648.89,	3540,	1.54,	-23.64,	323.3,	6.35
647.29,	3560,	1.38,	-23.11,	323.8,	6.38
645.69,	3580,	1.18,	-22.89,	325.4,	6.29
644.09,	3600,	0.93,	-22.79,	323.9,	6.22
642.5,	3620,	0.69,	-22.76,	322.3,	6.13
640.91,	3640,	0.54,	-22.73,	322.4,	6.03
639.32,	3660,	0.37,	-22.73,	323.1,	6.02
637.74,	3680,	0.18,	-22.81,	325.3,	6.07
636.16,	3700,	0.01,	-22.88,	328.5,	6.15
634.58,	3720,	-0.09,	-22.82,	330,	6.26
633,	3740,	-0.18,	-22.69,	330.7,	6.44
631.43,	3760,	-0.33,	-22.74,	330.4,	6.59
629.86,	3780,	-0.47,	-22.86,	330.6,	6.75
628.3,	3800,	-0.63,	-23.13,	330.7,	6.89
626.73,	3820,	-0.82,	-23.42,	330.2,	7.01
625.17,	3840,	-0.94,	-23.59,	330.1,	7.13
623.62,	3860,	-1.01,	-23.72,	329.2,	7.2
622.06,	3880,	-1.19,	-23.87,	328,	7.26
620.51,	3900,	-1.4,	-24.04,	326.4,	7.21
618.96,	3920,	-1.59,	-24.34,	325.2,	7.19
617.42,	3940,	-1.76,	-24.55,	324,	7.17
615.87,	3960,	-1.91,	-24.67,	323.2,	7.18
614.33,	3980,	-2.08,	-24.81,	320.9,	7.17
612.8,	4000,	-2.27,	-24.89,	318.9,	7.25
611.26,	4020,	-2.41,	-24.94,	316.9,	7.43
609.73,	4040,	-2.54,	-25.05,	314.4,	7.67
608.2,	4060,	-2.59,	-25.30,	312,	7.92
606.68,	4080,	-2.64,	-25.55,	310.9,	8.26
605.16,	4100,	-2.75,	-26.16,	309,	8.52
603.64,	4120,	-2.88,	-26.57,	308.7,	8.72
602.13,	4140,	-2.95,	-26.78,	308.4,	8.87
600.62,	4160,	-3.03,	-27.00,	308.7,	8.98
599.11,	4180,	-3.14,	-27.33,	310.3,	9.06
597.61,	4200,	-3.23,	-27.48,	312.1,	9.18
596.1,	4220,	-3.37,	-27.68,	313.6,	9.27
594.61,	4240,	-3.53,	-27.81,	315.3,	9.32
593.11,	4260,	-3.67,	-27.84,	316.1,	9.39
591.62,	4280,	-3.82,	-27.80,	317,	9.39
590.13,	4300,	-3.93,	-27.81,	317.6,	9.37
588.65,	4320,	-4.04,	-27.90,	318.5,	9.36
587.16,	4340,	-4.21,	-28.12,	320,	9.49
585.68,	4360,	-4.37,	-28.49,	321.9,	9.64
584.21,	4380,	-4.46,	-28.97,	322.7,	9.81
582.73,	4400,	-4.55,	-29.47,	323.9,	9.91
581.26,	4420,	-4.64,	-29.80,	325.2,	9.98
579.79,	4440,	-4.67,	-30.09,	327.3,	9.82
578.33,	4460,	-4.66,	-30.55,	328,	9.55
576.87,	4480,	-4.66,	-30.93,	326.4,	9.27
575.41,	4500,	-4.69,	-31.25,	323.9,	9.09
573.96,	4520,	-4.73,	-31.69,	321.1,	8.99
572.51,	4540,	-4.79,	-32.05,	319.4,	9
571.06,	4560,	-4.89,	-32.78,	319.2,	9.12
569.62,	4580,	-4.98,	-33.31,	320.1,	9.21
568.18,	4600,	-5.1,	-33.64,	320.7,	9.27
566.74,	4620,	-5.26,	-33.88,	321.6,	9.28
565.31,	4640,	-5.43,	-34.13,	322.5,	9.27
563.88,	4660,	-5.57,	-34.36,	322.1,	9.24
562.45,	4680,	-5.67,	-34.44,	320.8,	9.23
%END%
