%TITLE%
 XXX   240523/1559
 Saved by user: User on 20240523/1651 UTC
   LEVEL       HGHT       TEMP       DWPT       WDIR       WSPD
-------------------------------------------------------------------
%RAW%
  985.60,    190.00,  -9999.00,  -9999.00,  -9999.00,  -9999.00
  983.41,    209.00,     17.76,     10.52,    187.71,     10.94
  981.13,    229.00,     19.37,     10.50,    195.15,     10.35
  978.87,    249.00,     20.52,      9.87,    203.62,      9.87
  976.62,    269.00,     20.96,      9.30,    208.81,      9.35
  974.37,    289.00,     21.09,      8.92,    212.56,      9.05
  972.13,    309.00,     21.10,      8.65,    216.03,      8.90
  969.90,    329.00,     21.05,      8.46,    216.98,      8.73
  967.66,    349.00,     20.97,      8.30,    217.94,      8.51
  965.43,    369.00,     20.85,      8.05,    222.07,      8.17
  963.21,    389.00,     20.76,      7.75,    227.24,      7.85
  960.99,    409.00,     20.71,      7.55,    229.02,      7.72
  958.78,    429.00,     20.64,      7.43,    230.83,      7.83
  956.57,    449.00,     20.48,      7.31,    234.61,      8.03
  954.36,    469.00,     20.29,      7.17,    239.25,      8.25
  952.16,    489.00,     20.15,      7.03,    242.16,      8.48
  949.96,    509.00,     20.00,      6.85,    245.09,      8.55
  947.77,    529.00,     19.86,      6.70,    247.52,      8.54
  945.58,    549.00,     19.72,      6.60,    249.03,      8.58
  943.39,    569.00,     19.56,      6.51,    249.18,      8.58
  941.21,    589.00,     19.35,      6.41,    249.09,      8.71
  939.03,    609.00,     19.15,      6.32,    248.75,      8.79
  936.85,    629.00,     18.94,      6.25,    248.14,      8.86
  934.68,    649.00,     18.72,      6.19,    246.86,      8.95
  932.51,    669.00,     18.53,      6.10,    247.95,      9.14
  930.34,    689.00,     18.36,      5.95,    249.10,      9.21
  928.18,    709.00,     18.16,      5.70,    251.59,      9.26
  926.02,    729.00,     17.99,      5.46,    252.63,      9.16
  923.87,    749.00,     17.85,      5.25,    253.62,      9.00
  921.72,    769.00,     17.72,      5.09,    253.89,      8.83
  919.57,    789.00,     17.57,      5.01,    255.27,      8.69
  917.43,    809.00,     17.35,      5.00,    256.13,      8.54
  915.29,    829.00,     17.10,      4.97,    256.01,      8.47
  913.16,    849.00,     16.95,      4.95,    255.85,      8.37
  911.02,    869.00,     16.74,      4.84,    257.37,      8.43
  908.89,    889.00,     16.49,      4.74,    259.13,      8.54
  906.77,    909.00,     16.32,      4.66,    261.00,      8.63
  904.65,    929.00,     16.18,      4.52,    264.55,      8.65
  902.53,    949.00,     16.03,      4.29,    267.01,      8.72
  900.41,    969.00,     15.90,      4.07,    267.42,      8.76
  898.30,    989.00,     15.74,      3.89,    267.32,      8.82
  896.20,   1009.00,     15.56,      3.75,    267.72,      8.90
  894.09,   1029.00,     15.35,      3.62,    267.38,      8.95
  891.99,   1049.00,     15.17,      3.51,    267.09,      8.91
  889.90,   1069.00,     15.00,      3.42,    267.34,      8.78
  887.81,   1089.00,     14.82,      3.35,    270.43,      8.66
  885.72,   1109.00,     14.68,      3.32,    272.07,      8.60
  883.63,   1129.00,     14.49,      3.27,    270.91,      8.67
  881.55,   1149.00,     14.25,      3.21,    269.01,      8.87
  879.47,   1169.00,     14.05,      3.17,    269.68,      9.19
  877.40,   1189.00,     13.85,      3.15,    270.82,      9.47
  875.32,   1209.00,     13.67,      3.15,    271.32,      9.79
  873.26,   1229.00,     13.51,      3.12,    271.32,      9.97
  871.19,   1249.00,     13.34,      3.07,    270.62,     10.01
  869.13,   1269.00,     13.18,      3.01,    269.85,     10.06
  867.07,   1289.00,     12.95,      2.87,    270.02,     10.09
  865.02,   1309.00,     12.68,      2.76,    271.64,     10.21
  862.97,   1329.00,     12.47,      2.76,    274.82,     10.31
  860.92,   1349.00,     12.30,      2.81,    276.47,     10.37
  858.88,   1369.00,     12.12,      2.83,    277.32,     10.34
  856.84,   1389.00,     11.88,      2.75,    277.60,     10.29
  854.80,   1409.00,     11.85,      2.58,    279.48,     10.11
  852.77,   1429.00,     11.82,      2.04,    282.31,      9.81
  850.74,   1449.00,     11.83,      0.42,    287.83,      9.65
  848.72,   1469.00,     11.75,     -1.52,    291.44,      9.58
  846.70,   1489.00,     11.63,     -2.60,    292.90,      9.91
  844.68,   1509.00,     11.39,     -2.89,    294.16,     10.34
  842.67,   1529.00,     11.24,     -2.96,    294.62,     10.72
  840.66,   1549.00,     11.05,     -3.06,    295.15,     10.62
  838.65,   1569.00,     10.80,     -3.21,    298.27,     10.41
  836.65,   1589.00,     10.77,     -3.30,    302.00,      9.82
  834.65,   1609.00,     10.74,     -3.52,    305.46,      9.55
  832.66,   1629.00,     10.60,     -3.67,    305.53,      9.38
  830.67,   1649.00,     10.35,     -3.74,    303.35,      9.33
  828.68,   1669.00,     10.12,     -3.75,    301.53,      9.26
  826.69,   1689.00,      9.80,     -3.84,    304.57,      9.11
  824.71,   1709.00,      9.56,     -3.91,    307.00,      8.92
  822.73,   1729.00,      9.33,     -3.87,    305.15,      8.89
  820.76,   1749.00,      9.02,     -3.86,    304.55,      8.83
  818.78,   1769.00,      8.76,     -3.88,    304.01,      8.81
  816.81,   1789.00,      8.59,     -4.00,    304.35,      8.74
  814.85,   1809.00,      8.50,     -4.09,    305.16,      8.58
  812.89,   1829.00,      8.50,     -4.12,    306.32,      8.32
  810.93,   1849.00,      8.52,     -4.19,    307.29,      8.14
  808.97,   1869.00,      8.36,     -4.45,    307.05,      7.91
  807.02,   1889.00,      7.93,     -4.81,    307.18,      7.99
  805.08,   1909.00,      7.68,     -5.01,    306.82,      8.12
  803.13,   1929.00,      7.61,     -5.20,    308.09,      8.37
  801.19,   1949.00,      7.52,     -5.56,    308.74,      8.51
  799.25,   1969.00,      7.38,     -5.90,    307.28,      8.53
  797.32,   1989.00,      7.20,     -6.19,    304.34,      8.57
  795.39,   2009.00,      7.17,     -6.34,    301.00,      8.52
  793.47,   2029.00,      7.17,     -6.62,    299.67,      8.61
  791.54,   2049.00,      6.99,     -6.93,    298.65,      8.67
  789.63,   2069.00,      6.85,     -7.07,    296.73,      8.96
  787.71,   2089.00,      6.74,     -7.20,    294.54,      9.27
  785.80,   2109.00,      6.59,     -7.39,    293.87,      9.84
  783.89,   2129.00,      6.39,     -7.66,    294.63,     10.28
  781.99,   2149.00,      6.20,     -7.90,    295.95,     10.84
  780.09,   2169.00,      6.03,     -8.02,    297.09,     11.34
  778.19,   2189.00,      5.95,     -7.98,    297.24,     11.75
  776.30,   2209.00,      6.03,     -7.87,    297.21,     12.04
  774.41,   2229.00,      6.04,     -7.86,    298.22,     12.46
  772.53,   2249.00,      5.84,     -7.89,    299.11,     12.78
  770.65,   2269.00,      5.51,     -7.93,    298.07,     13.09
  768.77,   2289.00,      5.19,     -7.90,    296.60,     13.40
  766.90,   2309.00,      5.04,     -7.85,    295.72,     13.89
  765.03,   2329.00,      4.86,     -7.90,    295.08,     14.05
  763.16,   2349.00,      4.56,     -8.03,    294.13,     14.18
  761.30,   2369.00,      4.34,     -8.10,    293.22,     14.29
  759.44,   2389.00,      4.11,     -8.19,    293.54,     14.31
  757.58,   2409.00,      3.95,     -8.27,    294.32,     14.33
  755.72,   2429.00,      3.85,     -8.33,    294.90,     14.49
  753.87,   2449.00,      3.76,     -8.39,    295.50,     14.70
  752.02,   2469.00,      3.60,     -8.49,    294.26,     14.86
  750.18,   2489.00,      3.36,     -8.60,    293.35,     15.01
  748.33,   2509.00,      3.16,     -8.70,    293.12,     14.93
  746.50,   2529.00,      3.00,     -8.79,    293.01,     14.87
  744.66,   2549.00,      2.92,     -8.87,    292.64,     14.86
  742.83,   2569.00,      2.87,     -8.90,    292.67,     15.02
  741.00,   2589.00,      2.83,     -8.95,    292.88,     15.12
  739.18,   2609.00,      2.68,     -9.06,    293.55,     15.36
  737.36,   2629.00,      2.38,     -9.25,    294.16,     15.41
  735.55,   2649.00,      2.14,     -9.34,    293.59,     15.51
  733.73,   2669.00,      1.89,     -9.46,    291.35,     15.72
  731.92,   2689.00,      1.60,     -9.57,    289.55,     16.10
  730.12,   2709.00,      1.38,     -9.67,    288.83,     16.36
  728.31,   2729.00,      1.19,     -9.74,    288.88,     16.59
  726.51,   2749.00,      1.03,     -9.80,    289.90,     16.81
  724.71,   2769.00,      1.02,     -9.82,    291.21,     16.95
  722.92,   2789.00,      1.09,     -9.84,    292.45,     17.12
  721.13,   2809.00,      1.03,    -10.01,    293.99,     17.39
  719.34,   2829.00,      0.77,    -10.25,    294.84,     17.71
  717.56,   2849.00,      0.58,    -10.40,    295.56,     18.02
  715.78,   2869.00,      0.45,    -10.56,    297.11,     18.19
  714.00,   2889.00,      0.39,    -10.70,    299.18,     18.29
  712.23,   2909.00,      0.39,    -10.85,    300.77,     18.54
  710.46,   2929.00,      0.33,    -11.20,    299.97,     18.78
  708.70,   2949.00,      0.13,    -11.72,    297.63,     19.25
  706.94,   2969.00,      0.03,    -12.35,    292.68,     19.80
  705.18,   2989.00,      0.08,    -12.87,    288.46,     20.28
  703.43,   3009.00,      0.15,    -13.21,    285.87,     20.61
  701.68,   3029.00,      0.14,    -13.66,    282.98,     20.85
  699.94,   3049.00,      0.14,    -13.94,    280.32,     21.07
  698.20,   3069.00,      0.15,    -14.20,    277.17,     21.26
  696.46,   3089.00,      0.08,    -14.54,    275.21,     21.46
  694.73,   3109.00,     -0.12,    -14.86,    274.37,     21.90
  693.00,   3129.00,     -0.27,    -15.00,    275.04,     22.83
  691.28,   3149.00,     -0.14,    -15.00,    275.39,     23.78
  689.57,   3169.00,      0.10,    -15.12,    276.61,     25.17
  687.85,   3189.00,      0.35,    -15.53,    278.09,     26.59
  686.15,   3209.00,      0.55,    -16.49,    279.48,     27.74
  684.45,   3229.00,      0.65,    -17.58,    279.66,     28.70
  682.75,   3249.00,      0.78,    -18.77,    278.93,     29.07
  681.07,   3269.00,      0.95,    -19.76,    277.76,     28.94
  679.38,   3289.00,      1.07,    -20.94,    275.74,     28.67
  677.70,   3309.00,      1.10,    -22.20,    273.13,     28.49
  676.02,   3329.00,      1.15,    -23.12,    271.10,     28.71
  674.35,   3349.00,      1.13,    -24.10,    269.83,     28.92
  672.68,   3369.00,      0.98,    -24.97,    268.75,     29.12
  671.01,   3389.00,      0.82,    -25.49,    268.06,     29.47
  669.34,   3409.00,      0.70,    -25.80,    267.77,     29.87
  667.68,   3429.00,      0.59,    -26.09,    267.74,     30.29
  666.03,   3449.00,      0.48,    -26.44,    267.21,     30.93
  664.37,   3469.00,      0.41,    -26.99,    266.07,     31.77
  662.72,   3489.00,      0.38,    -27.95,    264.99,     32.85
  661.08,   3509.00,      0.43,    -29.00,    263.79,     33.64
  659.44,   3529.00,      0.40,    -29.55,    263.45,     34.23
  657.80,   3549.00,      0.30,    -29.92,    263.88,     34.39
  656.16,   3569.00,      0.37,    -30.18,    265.07,     34.46
  654.53,   3589.00,      0.60,    -30.47,    266.06,     34.20
  652.91,   3609.00,      0.60,    -30.94,    266.58,     33.92
  651.28,   3629.00,      0.26,    -31.56,    266.90,     33.68
  649.66,   3649.00,     -0.20,    -32.03,    266.80,     33.44
  648.04,   3669.00,     -0.49,    -32.22,    266.85,     33.17
  646.43,   3689.00,     -0.66,    -32.33,    267.42,     32.82
  644.82,   3709.00,     -0.87,    -32.52,    268.63,     32.43
  643.21,   3729.00,     -1.04,    -32.68,    269.41,     31.70
  641.60,   3749.00,     -1.10,    -32.74,    270.31,     31.18
  640.00,   3769.00,     -1.07,    -32.84,    270.78,     30.83
  638.40,   3789.00,     -1.20,    -33.29,    270.42,     30.70
  636.80,   3809.00,     -1.51,    -33.99,    269.74,     30.92
  635.21,   3829.00,     -1.79,    -34.54,    269.15,     31.19
  633.62,   3849.00,     -1.97,    -34.95,    268.27,     31.29
  632.03,   3869.00,     -2.12,    -35.40,    267.97,     31.18
  630.45,   3889.00,     -2.28,    -35.99,    267.28,     30.97
  628.87,   3909.00,     -2.41,    -36.45,    267.12,     30.63
  627.29,   3929.00,     -2.48,    -36.79,    267.01,     30.12
  625.71,   3949.00,     -2.37,    -37.41,    266.02,     29.86
  624.14,   3969.00,     -2.35,    -37.96,    265.87,     29.59
  622.58,   3989.00,     -2.60,    -38.41,    265.84,     29.57
  621.01,   4009.00,     -2.82,    -38.85,    265.67,     29.53
  619.45,   4029.00,     -3.01,    -39.19,    265.10,     29.56
  617.89,   4049.00,     -2.98,    -39.01,    264.19,     29.65
  616.34,   4069.00,     -2.78,    -38.38,    263.07,     30.10
  614.79,   4089.00,     -2.79,    -37.89,    262.05,     30.68
  613.25,   4109.00,     -2.92,    -37.59,    261.45,     31.27
  611.70,   4129.00,     -3.01,    -37.19,    261.04,     31.80
  610.16,   4149.00,     -3.07,    -36.32,    260.46,     32.18
  608.63,   4169.00,     -3.25,    -35.69,    259.41,     32.10
  607.09,   4189.00,     -3.41,    -35.31,    258.50,     31.92
  605.56,   4209.00,     -3.49,    -34.78,    257.94,     31.61
  604.04,   4229.00,     -3.43,    -34.15,    258.24,     31.17
  602.52,   4249.00,     -3.52,    -33.30,    258.70,     30.64
  601.00,   4269.00,     -3.82,    -32.27,    258.98,     30.23
  599.48,   4289.00,     -4.09,    -30.83,    259.17,     29.94
  597.97,   4309.00,     -4.28,    -29.38,    259.20,     29.80
  596.46,   4329.00,     -4.49,    -28.22,    258.81,     29.71
  594.95,   4349.00,     -4.64,    -27.34,    258.29,     29.80
  593.45,   4369.00,     -4.59,    -26.62,    257.36,     30.19
  591.95,   4389.00,     -4.52,    -25.93,    256.38,     30.60
  590.45,   4409.00,     -4.45,    -25.28,    255.40,     31.00
  588.95,   4429.00,     -5.04,    -25.35,    258.06,     31.16
  587.46,   4449.00,     -5.33,    -25.21,    258.97,     31.02
  585.97,   4469.00,     -5.50,    -25.07,    259.29,     30.83
  584.48,   4489.00,     -5.62,    -24.96,    259.13,     30.70
  583.00,   4509.00,     -5.76,    -24.89,    258.84,     30.51
  581.52,   4529.00,     -5.85,    -24.81,    258.31,     30.23
  580.04,   4549.00,     -5.85,    -24.72,    258.05,     30.02
  578.57,   4569.00,     -5.80,    -24.67,    257.67,     29.73
  577.09,   4589.00,     -5.73,    -24.64,    257.27,     29.36
  575.63,   4609.00,     -5.85,    -24.76,    256.70,     28.93
  574.16,   4629.00,     -6.22,    -25.01,    256.74,     28.76
  572.70,   4649.00,     -6.54,    -25.16,    256.67,     28.70
  571.24,   4669.00,     -6.56,    -25.00,    256.71,     28.87
  569.79,   4689.00,     -6.55,    -24.91,    257.00,     29.14
  568.34,   4709.00,     -6.59,    -24.98,    257.33,     29.45
%END%
