%TITLE%
 XXX   240523/1417
 Saved by user: User on 20240523/1536 UTC
   LEVEL       HGHT       TEMP       DWPT       WDIR       WSPD
-------------------------------------------------------------------
%RAW%
  985.84,    190.00,  -9999.00,  -9999.00,  -9999.00,  -9999.00
  983.78,    208.00,     19.25,      9.86,    194.32,      5.86
  981.51,    228.00,     19.84,      9.49,    197.63,      6.11
  979.25,    248.00,     20.20,      9.01,    206.96,      6.33
  976.99,    268.00,     20.22,      8.73,    216.99,      6.43
  974.73,    288.00,     20.12,      8.57,    225.29,      6.41
  972.48,    308.00,     19.97,      8.46,    229.63,      6.28
  970.23,    328.00,     19.82,      8.38,    233.93,      6.19
  967.99,    348.00,     19.68,      8.31,    238.65,      6.25
  965.76,    368.00,     19.62,      8.21,    243.76,      6.58
  963.52,    388.00,     19.59,      8.02,    250.36,      7.02
  961.30,    408.00,     19.53,      7.64,    258.63,      7.86
  959.07,    428.00,     19.53,      7.06,    269.26,      8.73
  956.85,    448.00,     19.52,      6.77,    275.67,      9.42
  954.64,    468.00,     19.45,      6.52,    280.95,      9.64
  952.43,    488.00,     19.36,      6.28,    282.15,      9.95
  950.22,    508.00,     19.23,      6.06,    283.34,     10.37
  948.02,    528.00,     19.09,      5.81,    285.95,     10.82
  945.83,    548.00,     18.99,      5.48,    288.81,     11.30
  943.63,    568.00,     18.95,      5.13,    289.83,     11.66
  941.44,    588.00,     18.88,      4.84,    290.79,     11.88
  939.26,    608.00,     18.79,      4.63,    292.26,     11.90
  937.08,    628.00,     18.66,      4.52,    293.23,     12.03
  934.90,    648.00,     18.47,      4.46,    292.05,     12.06
  932.73,    668.00,     18.25,      4.46,    291.11,     12.17
  930.56,    688.00,     18.05,      4.50,    290.89,     12.25
  928.40,    708.00,     17.83,      4.53,    289.55,     12.35
  926.24,    728.00,     17.65,      4.52,    287.52,     12.45
  924.08,    748.00,     17.47,      4.46,    286.78,     12.53
  921.93,    768.00,     17.28,      4.40,    287.46,     12.55
  919.77,    788.00,     17.12,      4.32,    288.08,     12.51
  917.63,    808.00,     16.93,      4.21,    288.88,     12.57
  915.48,    828.00,     16.73,      4.08,    289.33,     12.71
  913.34,    848.00,     16.51,      3.93,    289.42,     12.80
  911.21,    868.00,     16.34,      3.80,    288.90,     12.81
  909.07,    888.00,     16.17,      3.69,    288.44,     12.71
  906.95,    908.00,     15.99,      3.61,    288.50,     12.56
  904.82,    928.00,     15.78,      3.56,    288.04,     12.45
  902.70,    948.00,     15.67,      3.56,    287.58,     12.52
  900.58,    968.00,     15.67,      3.52,    287.55,     12.65
  898.47,    988.00,     15.48,      3.35,    287.16,     12.75
  896.36,   1008.00,     15.12,      3.18,    286.80,     12.77
  894.25,   1028.00,     14.88,      3.16,    286.99,     12.69
  892.14,   1048.00,     14.79,      3.13,    287.73,     12.55
  890.04,   1068.00,     14.61,      2.96,    288.28,     12.46
  887.95,   1088.00,     14.39,      2.82,    287.90,     12.43
  885.85,   1108.00,     14.19,      2.76,    287.77,     12.39
  883.76,   1128.00,     14.16,      2.77,    288.01,     12.34
  881.68,   1148.00,     13.97,      2.66,    288.39,     12.23
  879.60,   1168.00,     13.80,      2.65,    288.83,     12.14
  877.52,   1188.00,     13.69,      2.61,    289.56,     12.05
  875.45,   1208.00,     13.68,      2.60,    289.69,     12.00
  873.38,   1228.00,     13.53,      2.48,    289.32,     11.99
  871.32,   1248.00,     13.33,      2.41,    288.85,     11.93
  869.26,   1268.00,     12.91,      2.23,    289.92,     11.79
  867.20,   1288.00,     12.66,      2.20,    290.64,     11.78
  865.14,   1308.00,     12.50,      2.17,    291.46,     11.84
  863.09,   1328.00,     12.27,      1.96,    291.56,     11.92
  861.04,   1348.00,     12.08,      1.76,    290.95,     12.01
  858.99,   1368.00,     11.85,      1.49,    289.72,     12.12
  856.95,   1388.00,     11.65,      1.33,    289.12,     12.17
  854.91,   1408.00,     11.37,      1.10,    288.51,     12.25
  852.88,   1428.00,     11.14,      0.97,    288.63,     12.41
  850.84,   1448.00,     10.98,      0.85,    288.13,     12.62
  848.82,   1468.00,     10.88,      0.73,    287.18,     12.84
  846.79,   1488.00,     10.77,      0.48,    287.25,     13.08
  844.77,   1508.00,     10.80,      0.21,    288.91,     13.35
  842.75,   1528.00,     10.81,     -0.14,    290.14,     13.48
  840.74,   1548.00,     10.55,     -0.73,    289.89,     13.53
  838.73,   1568.00,     10.18,     -1.34,    290.25,     13.47
  836.72,   1588.00,      9.98,     -1.67,    291.49,     13.43
  834.72,   1608.00,      9.68,     -2.13,    293.30,     13.36
  832.71,   1628.00,      9.39,     -2.42,    294.21,     13.33
  830.72,   1648.00,      9.44,     -2.57,    294.39,     13.34
  828.73,   1668.00,      9.56,     -2.82,    295.57,     13.46
  826.74,   1688.00,      9.39,     -3.33,    296.09,     13.49
  824.75,   1708.00,      9.21,     -3.69,    296.25,     13.57
  822.77,   1728.00,      9.18,     -3.93,    296.22,     13.58
  820.79,   1748.00,      8.96,     -4.30,    296.95,     13.53
  818.81,   1768.00,      8.60,     -4.59,    296.86,     13.57
  816.84,   1788.00,      8.35,     -4.76,    295.56,     13.58
  814.87,   1808.00,      8.23,     -4.99,    294.55,     13.61
  812.91,   1828.00,      8.17,     -5.20,    294.41,     13.55
  810.95,   1848.00,      8.02,     -5.44,    294.50,     13.53
  808.99,   1868.00,      8.10,     -5.45,    295.16,     13.49
  807.05,   1888.00,      8.16,     -5.62,    296.60,     13.56
  805.10,   1908.00,      8.02,     -5.84,    298.67,     13.62
  803.16,   1928.00,      7.70,     -6.08,    300.49,     13.68
  801.22,   1948.00,      7.51,     -6.13,    302.26,     13.80
  799.28,   1968.00,      7.11,     -6.26,    304.39,     13.83
  797.34,   1988.00,      6.82,     -6.15,    305.72,     14.00
  795.41,   2008.00,      6.93,     -5.83,    306.64,     14.04
  793.49,   2028.00,      6.85,     -5.78,    307.41,     14.10
  791.57,   2048.00,      6.51,     -5.99,    307.13,     13.98
  789.64,   2068.00,      6.22,     -6.13,    306.00,     13.77
  787.73,   2088.00,      6.05,     -6.33,    303.77,     13.53
  785.82,   2108.00,      5.79,     -6.59,    301.79,     13.39
  783.90,   2128.00,      5.54,     -6.76,    300.51,     13.26
  781.99,   2148.00,      5.47,     -6.80,    298.95,     13.27
  780.09,   2168.00,      5.50,     -6.93,    296.42,     13.38
  778.19,   2188.00,      5.54,     -7.23,    293.81,     13.47
  776.29,   2208.00,      5.45,     -7.56,    291.90,     13.52
  774.40,   2228.00,      5.37,     -7.75,    290.00,     13.75
  772.51,   2248.00,      5.26,     -8.07,    286.88,     14.01
  770.63,   2268.00,      5.08,     -8.52,    283.81,     14.47
  768.75,   2288.00,      4.92,     -8.87,    282.24,     14.95
  766.87,   2308.00,      4.69,     -9.17,    280.62,     15.58
  765.00,   2328.00,      4.51,     -9.35,    278.69,     16.08
  763.13,   2348.00,      4.45,     -9.45,    277.26,     16.69
  761.26,   2368.00,      4.44,     -9.54,    277.38,     17.21
  759.40,   2388.00,      4.34,     -9.69,    277.24,     17.69
  757.54,   2408.00,      4.20,     -9.82,    276.90,     18.10
  755.69,   2428.00,      4.03,     -9.95,    276.79,     18.40
  753.84,   2448.00,      3.86,    -10.06,    277.23,     18.61
  751.99,   2468.00,      3.64,    -10.19,    277.22,     18.64
  750.14,   2488.00,      3.23,    -10.41,    277.21,     18.85
  748.30,   2508.00,      3.01,    -10.40,    277.86,     18.93
  746.46,   2528.00,      2.94,    -10.33,    279.30,     19.07
  744.63,   2548.00,      2.90,    -10.33,    280.49,     19.19
  742.80,   2568.00,      2.91,    -10.37,    281.22,     19.38
  740.98,   2588.00,      2.85,    -10.54,    282.32,     19.50
  739.16,   2608.00,      2.73,    -10.71,    283.75,     19.88
  737.34,   2628.00,      2.68,    -10.78,    285.46,     20.23
  735.53,   2648.00,      2.89,    -10.74,    286.61,     20.74
  733.72,   2668.00,      2.94,    -11.01,    287.57,     21.23
  731.92,   2688.00,      2.57,    -11.75,    288.91,     21.81
  730.12,   2708.00,      2.13,    -12.43,    289.19,     22.22
  728.32,   2728.00,      2.03,    -12.71,    288.86,     22.89
  726.52,   2748.00,      1.90,    -13.27,    289.57,     23.23
  724.73,   2768.00,      1.66,    -13.96,    289.89,     23.52
  722.93,   2788.00,      1.80,    -14.23,    287.85,     23.35
  721.15,   2808.00,      1.79,    -14.99,    283.99,     23.32
  719.37,   2828.00,      1.61,    -15.82,    280.57,     23.11
  717.59,   2848.00,      1.42,    -16.36,    278.13,     23.22
  715.82,   2868.00,      1.45,    -16.55,    276.01,     23.34
  714.05,   2888.00,      1.63,    -16.60,    273.94,     23.60
  712.29,   2908.00,      1.75,    -16.74,    271.63,     23.64
  710.53,   2928.00,      1.68,    -17.15,    269.39,     24.12
  708.78,   2948.00,      1.56,    -17.60,    267.43,     24.81
  707.02,   2968.00,      1.48,    -17.76,    266.09,     25.41
  705.28,   2988.00,      1.45,    -17.56,    265.66,     26.08
  703.53,   3008.00,      1.55,    -17.07,    266.45,     26.69
  701.80,   3028.00,      1.65,    -16.85,    267.96,     27.50
  700.06,   3048.00,      1.74,    -17.07,    269.76,     28.31
  698.34,   3068.00,      1.87,    -17.39,    271.65,     28.93
  696.61,   3088.00,      2.04,    -17.59,    272.87,     29.89
  694.90,   3108.00,      2.18,    -17.97,    273.75,     30.67
  693.19,   3128.00,      2.42,    -19.34,    274.66,     31.24
  691.48,   3148.00,      2.44,    -20.59,    274.66,     31.53
  689.78,   3168.00,      2.26,    -21.55,    274.49,     31.84
  688.08,   3188.00,      1.94,    -22.50,    273.56,     31.84
  686.38,   3208.00,      1.98,    -22.75,    272.39,     31.78
  684.69,   3228.00,      2.19,    -23.17,    270.25,     31.72
  683.00,   3248.00,      2.24,    -23.59,    268.92,     31.75
  681.32,   3268.00,      2.12,    -24.30,    266.92,     31.91
  679.64,   3288.00,      2.00,    -25.31,    264.37,     32.15
  677.96,   3308.00,      1.96,    -25.68,    263.87,     32.53
  676.28,   3328.00,      1.89,    -26.18,    263.19,     32.58
  674.61,   3348.00,      1.87,    -27.10,    261.12,     32.71
  672.95,   3368.00,      1.87,    -27.85,    259.20,     32.64
  671.29,   3388.00,      1.68,    -29.05,    257.66,     32.69
  669.63,   3408.00,      1.48,    -30.09,    256.41,     32.73
  667.97,   3428.00,      1.44,    -30.36,    256.15,     32.97
  666.32,   3448.00,      1.25,    -30.96,    255.96,     33.10
  664.67,   3468.00,      1.09,    -31.40,    256.38,     33.21
  663.02,   3488.00,      0.96,    -31.67,    256.67,     33.40
  661.38,   3508.00,      0.77,    -32.07,    256.66,     33.47
  659.74,   3528.00,      0.66,    -32.40,    256.76,     33.63
  658.10,   3548.00,      0.67,    -32.55,    256.92,     34.00
  656.47,   3568.00,      0.55,    -32.92,    257.11,     34.42
  654.84,   3588.00,      0.42,    -33.31,    257.11,     34.85
  653.21,   3608.00,      0.35,    -33.52,    257.46,     35.41
  651.59,   3628.00,      0.23,    -33.83,    257.62,     35.75
  649.97,   3648.00,      0.07,    -33.99,    257.82,     35.94
  648.35,   3668.00,     -0.13,    -34.09,    258.40,     36.26
  646.74,   3688.00,     -0.29,    -34.21,    259.70,     36.50
  645.12,   3708.00,     -0.42,    -34.41,    260.63,     36.78
  643.52,   3728.00,     -0.40,    -34.65,    261.60,     36.87
  641.91,   3748.00,     -0.17,    -34.73,    262.00,     36.93
  640.32,   3768.00,     -0.14,    -34.93,    262.89,     36.82
  638.73,   3788.00,     -0.52,    -35.38,    263.86,     36.75
  637.13,   3808.00,     -1.12,    -35.82,    265.01,     36.60
  635.54,   3828.00,     -1.39,    -35.93,    265.86,     36.41
  633.95,   3848.00,     -1.40,    -35.91,    266.41,     36.18
  632.36,   3868.00,     -1.72,    -36.51,    266.42,     35.97
  630.78,   3888.00,     -2.10,    -37.20,    266.33,     35.74
  629.20,   3908.00,     -2.18,    -37.68,    266.28,     35.42
  627.62,   3928.00,     -2.20,    -38.22,    266.23,     35.30
  626.05,   3948.00,     -2.05,    -38.12,    265.81,     35.43
  624.48,   3968.00,     -1.93,    -37.37,    264.77,     35.61
  622.92,   3988.00,     -1.95,    -36.95,    263.80,     35.74
  621.35,   4008.00,     -2.03,    -36.42,    263.11,     35.70
  619.80,   4028.00,     -2.04,    -35.88,    262.72,     35.50
  618.24,   4048.00,     -2.16,    -35.78,    262.95,     35.20
  616.69,   4068.00,     -2.42,    -35.77,    262.80,     35.00
  615.14,   4088.00,     -2.80,    -35.78,    262.79,     34.68
  613.59,   4108.00,     -3.12,    -35.60,    262.73,     34.04
  612.05,   4128.00,     -3.32,    -35.39,    262.74,     33.53
  610.51,   4148.00,     -3.51,    -35.06,    262.37,     33.31
  608.97,   4168.00,     -3.67,    -34.13,    262.10,     33.31
  607.43,   4188.00,     -3.81,    -32.45,    262.35,     33.40
  605.90,   4208.00,     -3.96,    -30.81,    263.21,     33.63
  604.37,   4228.00,     -4.15,    -29.56,    264.42,     33.80
  602.85,   4248.00,     -4.31,    -28.95,    265.71,     33.78
  601.32,   4268.00,     -4.41,    -28.56,    266.92,     33.69
  599.80,   4288.00,     -4.46,    -28.26,    267.92,     33.54
  598.29,   4308.00,     -4.51,    -28.02,    268.50,     33.50
  596.77,   4328.00,     -4.69,    -27.80,    268.95,     33.40
  595.26,   4348.00,     -4.82,    -27.60,    269.10,     33.55
  593.76,   4368.00,     -4.84,    -27.38,    268.91,     33.66
  592.25,   4388.00,     -4.85,    -27.16,    267.90,     33.85
  590.75,   4408.00,     -4.84,    -27.04,    266.99,     33.78
  589.26,   4428.00,     -4.87,    -27.02,    266.80,     33.59
  587.76,   4448.00,     -4.95,    -26.96,    267.45,     33.29
  586.28,   4468.00,     -5.07,    -26.81,    268.16,     32.92
  584.79,   4488.00,     -5.16,    -26.66,    268.72,     32.49
  583.31,   4508.00,     -5.19,    -26.54,    268.93,     32.15
  581.83,   4528.00,     -5.19,    -26.52,    268.86,     31.95
  580.36,   4548.00,     -5.14,    -26.56,    269.14,     31.65
  578.89,   4568.00,     -5.44,    -26.81,    269.53,     31.54
  577.42,   4588.00,     -5.83,    -27.03,    269.47,     31.49
  575.95,   4608.00,     -6.05,    -27.12,    269.38,     31.63
  574.49,   4628.00,     -6.26,    -27.09,    269.31,     31.81
  573.02,   4648.00,     -6.37,    -26.99,    269.40,     32.08
  571.56,   4668.00,     -6.51,    -26.97,    269.51,     32.23
  570.11,   4688.00,     -6.68,    -27.02,    269.21,     32.31
  568.65,   4708.00,     -6.81,    -27.10,    268.22,     32.41
  567.20,   4728.00,     -6.96,    -27.25,    267.25,     32.45
  565.76,   4748.00,     -7.15,    -27.44,    266.20,     32.53
  564.31,   4768.00,     -7.21,    -27.54,    264.94,     32.79
  562.87,   4788.00,     -7.26,    -27.61,    264.05,     32.95
  561.43,   4808.00,     -7.52,    -27.78,    263.66,     33.16
  559.99,   4828.00,     -7.76,    -27.90,    263.71,     33.20
  558.56,   4848.00,     -7.73,    -27.84,    263.64,     33.32
  557.13,   4868.00,     -7.78,    -27.81,    263.05,     33.32
  555.70,   4888.00,     -7.91,    -27.82,    262.78,     33.35
  554.28,   4908.00,     -8.13,    -27.86,    263.03,     33.27
  552.86,   4928.00,     -8.26,    -27.81,    263.38,     33.28
  551.44,   4948.00,     -8.31,    -27.74,    263.92,     33.25
  550.02,   4968.00,     -8.38,    -27.32,    264.23,     33.25
  548.61,   4988.00,     -8.52,    -26.83,    264.48,     33.37
  547.20,   5008.00,     -8.63,    -25.95,    264.09,     33.31
  545.79,   5028.00,     -8.73,    -25.11,    263.53,     33.09
  544.39,   5048.00,     -8.84,    -24.34,    262.96,     32.87
  542.99,   5068.00,     -9.19,    -24.11,    261.66,     32.96
  541.60,   5088.00,     -9.34,    -24.14,    260.79,     33.34
  540.20,   5108.00,     -9.17,    -23.91,    259.70,     33.81
  538.82,   5128.00,     -8.92,    -23.69,    258.99,     34.38
  537.43,   5148.00,     -9.18,    -24.06,    258.93,     34.82
  536.05,   5168.00,     -9.73,    -24.62,    258.77,     34.90
  534.67,   5188.00,    -10.31,    -24.99,    258.50,     34.97
  533.28,   5208.00,    -10.19,    -24.92,    258.19,     35.31
  531.91,   5228.00,     -9.98,    -24.85,    258.26,     35.48
  530.54,   5248.00,     -9.90,    -25.07,    258.11,     35.73
  529.17,   5268.00,    -10.75,    -26.64,    257.47,     35.81
  527.79,   5288.00,    -11.38,    -27.93,    257.21,     36.19
  526.43,   5308.00,    -11.15,    -27.98,    257.49,     37.19
  525.06,   5328.00,    -10.93,    -28.04,    257.77,     38.18
  523.70,   5348.00,    -10.56,    -27.93,    258.14,     38.83
  522.35,   5368.00,    -11.33,    -28.63,    258.51,     38.47
  520.99,   5388.00,    -11.44,    -28.71,    257.05,     38.28
  519.64,   5408.00,    -11.43,    -28.55,    256.70,     38.49
  518.29,   5428.00,    -11.46,    -28.44,    256.77,     38.71
  516.94,   5448.00,    -11.71,    -28.49,    256.56,     38.88
  515.60,   5468.00,    -12.10,    -28.64,    256.17,     39.02
  514.25,   5488.00,    -12.48,    -28.79,    255.79,     39.11
  512.92,   5508.00,    -12.59,    -28.77,    256.22,     38.03
  511.58,   5528.00,    -12.73,    -28.82,    255.92,     38.34
  510.24,   5548.00,    -12.88,    -28.87,    255.62,     38.66
  508.91,   5568.00,    -13.03,    -28.92,    255.33,     38.97
  507.59,   5588.00,    -13.17,    -28.98,    255.03,     39.29
  506.26,   5608.00,    -13.32,    -29.03,    254.73,     39.60
  504.94,   5628.00,    -13.49,    -29.12,    254.49,     39.84
  503.62,   5648.00,    -13.79,    -29.37,    254.46,     39.81
  502.30,   5668.00,    -14.08,    -29.62,    254.43,     39.78
  500.98,   5688.00,    -14.36,    -29.85,    254.37,     39.84
  499.67,   5708.00,    -14.59,    -30.02,    254.22,     40.20
  498.35,   5728.00,    -14.81,    -30.19,    254.07,     40.57
  497.04,   5748.00,    -14.99,    -30.32,    254.31,     40.80
  495.74,   5768.00,    -15.00,    -30.31,    254.48,     40.98
  494.43,   5788.00,    -15.04,    -30.36,    254.25,     41.13
  493.13,   5808.00,    -15.17,    -30.54,    254.01,     41.21
  491.83,   5828.00,    -15.44,    -30.80,    253.84,     41.17
  490.53,   5848.00,    -15.67,    -30.97,    253.80,     41.07
  489.24,   5868.00,    -15.74,    -30.98,    253.70,     40.92
  487.95,   5888.00,    -15.71,    -30.97,    253.94,     40.84
  486.66,   5908.00,    -15.87,    -31.31,    254.36,     40.61
  485.38,   5928.00,    -16.03,    -31.60,    254.31,     40.41
  484.09,   5948.00,    -16.12,    -31.75,    254.05,     40.22
  482.81,   5968.00,    -16.26,    -31.88,    253.62,     40.09
  481.54,   5988.00,    -16.46,    -32.04,    253.47,     39.98
  480.26,   6008.00,    -16.77,    -32.26,    253.15,     39.98
  478.99,   6028.00,    -16.95,    -32.35,    252.69,     39.99
  477.72,   6048.00,    -17.09,    -32.37,    252.39,     39.98
  476.45,   6068.00,    -17.17,    -32.33,    252.42,     39.95
  475.19,   6088.00,    -17.31,    -32.40,    252.08,     39.87
  473.93,   6108.00,    -17.34,    -32.34,    251.62,     39.82
  472.67,   6128.00,    -17.41,    -32.00,    252.04,     39.81
  471.41,   6148.00,    -17.51,    -31.11,    252.92,     39.71
  470.16,   6168.00,    -17.68,    -30.37,    253.06,     39.75
  468.91,   6188.00,    -17.90,    -29.68,    252.51,     39.78
  467.66,   6208.00,    -18.12,    -29.13,    252.11,     39.90
  466.42,   6228.00,    -18.21,    -28.83,    251.88,     39.91
  465.18,   6248.00,    -18.33,    -28.64,    251.50,     39.97
  463.94,   6268.00,    -18.39,    -28.48,    251.13,     40.00
  462.70,   6288.00,    -18.46,    -28.47,    251.28,     40.08
  461.46,   6308.00,    -18.55,    -28.56,    251.49,     40.31
  460.23,   6328.00,    -18.68,    -28.72,    251.60,     40.52
  459.00,   6348.00,    -18.85,    -28.93,    251.45,     40.64
  457.78,   6368.00,    -19.11,    -29.20,    251.51,     40.78
  456.55,   6388.00,    -19.41,    -29.46,    251.62,     40.81
  455.33,   6408.00,    -19.67,    -29.65,    251.70,     40.95
  454.11,   6428.00,    -19.89,    -29.80,    251.54,     41.11
  452.89,   6448.00,    -20.11,    -29.92,    251.30,     41.43
  451.68,   6468.00,    -20.32,    -29.99,    251.21,     41.61
  450.47,   6488.00,    -20.47,    -29.98,    250.94,     42.04
  449.25,   6508.00,    -20.58,    -29.92,    250.43,     42.39
  448.05,   6528.00,    -20.73,    -29.95,    249.91,     42.95
  446.84,   6548.00,    -20.92,    -30.09,    249.43,     43.45
  445.63,   6568.00,    -21.11,    -30.28,    248.80,     43.96
  444.43,   6588.00,    -21.29,    -30.47,    248.31,     44.21
  443.23,   6608.00,    -21.45,    -30.68,    247.75,     44.25
  442.04,   6628.00,    -21.57,    -30.85,    247.12,     44.29
  440.84,   6648.00,    -21.76,    -31.15,    246.18,     44.22
  439.65,   6668.00,    -22.02,    -31.55,    245.65,     44.21
  438.46,   6688.00,    -22.16,    -31.84,    245.64,     44.24
  437.28,   6708.00,    -22.29,    -32.11,    245.72,     44.42
  436.09,   6728.00,    -22.48,    -32.42,    245.68,     44.52
  434.91,   6748.00,    -22.67,    -32.72,    245.52,     44.73
  433.73,   6768.00,    -22.84,    -33.00,    245.52,     44.94
  432.55,   6788.00,    -23.10,    -33.43,    245.64,     45.20
  431.38,   6808.00,    -23.23,    -33.73,    246.10,     45.42
  430.20,   6828.00,    -23.31,    -33.97,    246.64,     45.60
  429.03,   6848.00,    -23.41,    -34.21,    246.90,     45.85
  427.87,   6868.00,    -23.56,    -34.51,    247.13,     45.99
  426.70,   6888.00,    -23.72,    -34.83,    247.39,     46.13
  425.54,   6908.00,    -23.88,    -35.15,    247.64,     46.27
  424.38,   6928.00,    -24.04,    -35.47,    247.89,     46.41
  423.22,   6948.00,    -24.20,    -35.79,    248.14,     46.54
  422.06,   6968.00,    -24.36,    -36.11,    248.40,     46.68
  420.91,   6988.00,    -24.52,    -36.44,    248.65,     46.82
  419.76,   7008.00,    -24.68,    -36.77,    248.90,     46.95
  418.61,   7028.00,    -24.84,    -37.10,    249.16,     47.09
  417.46,   7048.00,    -25.00,    -37.44,    249.41,     47.23
  416.32,   7068.00,    -25.15,    -37.78,    249.66,     47.37
  415.18,   7088.00,    -25.31,    -38.12,    249.91,     47.50
  414.04,   7108.00,    -25.47,    -38.46,    250.17,     47.64
  412.91,   7128.00,    -25.63,    -38.81,    250.42,     47.78
  411.77,   7148.00,    -25.79,    -39.16,    250.67,     47.91
  410.64,   7168.00,    -25.85,    -39.31,    250.82,     47.83
  409.51,   7188.00,    -25.94,    -39.41,    250.77,     47.64
  408.39,   7208.00,    -26.11,    -39.58,    251.09,     47.50
  407.26,   7228.00,    -26.30,    -39.78,    251.57,     47.35
  406.14,   7248.00,    -26.45,    -39.91,    251.79,     47.23
  405.03,   7268.00,    -26.61,    -39.74,    251.88,     47.63
  403.91,   7288.00,    -26.80,    -39.50,    252.01,     48.23
  402.80,   7308.00,    -26.98,    -39.27,    252.15,     48.83
  401.69,   7328.00,    -27.17,    -39.06,    252.28,     49.43
  400.58,   7348.00,    -27.36,    -38.87,    252.41,     50.03
  399.47,   7368.00,    -27.54,    -38.68,    252.55,     50.63
  398.37,   7388.00,    -27.73,    -38.51,    252.68,     51.23
  397.27,   7408.00,    -27.92,    -38.35,    252.81,     51.83
  396.17,   7428.00,    -28.16,    -38.28,    251.45,     52.07
  395.07,   7448.00,    -28.36,    -38.24,    250.61,     52.06
  393.97,   7468.00,    -28.52,    -38.15,    250.97,     52.04
  392.88,   7488.00,    -28.65,    -38.07,    251.43,     51.98
%END%
