%TITLE%
 XXX   240523/1700
 Saved by user: User on 20240523/1743 UTC
   LEVEL       HGHT       TEMP       DWPT       WDIR       WSPD
-------------------------------------------------------------------
%RAW%
  985.36,    190.00,  -9999.00,  -9999.00,  -9999.00,  -9999.00
  983.05,    210.00,     18.01,     10.98,    155.67,     13.95
  980.79,    230.00,     20.13,     10.46,    158.37,     12.73
  978.53,    250.00,     21.91,      8.84,    160.95,     11.97
  976.29,    270.00,     22.37,      7.81,    163.00,     10.76
  974.05,    290.00,     22.53,      7.25,    165.40,     10.11
  971.82,    310.00,     22.53,      7.05,    168.73,      9.44
  969.59,    330.00,     22.42,      6.98,    170.98,      8.89
  967.37,    350.00,     22.25,      6.98,    173.56,      8.48
  965.15,    370.00,     22.08,      7.02,    176.58,      8.04
  962.93,    390.00,     21.95,      7.05,    179.75,      7.70
  960.72,    410.00,     21.83,      7.02,    183.08,      7.47
  958.52,    430.00,     21.69,      6.81,    188.12,      7.28
  956.31,    450.00,     21.54,      6.40,    194.07,      7.11
  954.12,    470.00,     21.45,      6.10,    197.53,      7.19
  951.92,    490.00,     21.32,      5.91,    202.88,      7.40
  949.73,    510.00,     21.17,      5.77,    206.57,      7.48
  947.55,    530.00,     21.03,      5.68,    206.82,      7.40
  945.37,    550.00,     20.89,      5.61,    206.66,      7.48
  943.19,    570.00,     20.71,      5.53,    206.36,      7.43
  941.01,    590.00,     20.55,      5.46,    206.35,      7.55
  938.84,    610.00,     20.44,      5.40,    205.44,      7.62
  936.68,    630.00,     20.21,      5.29,    204.37,      7.76
  934.51,    650.00,     19.69,      5.08,    205.18,      7.71
  932.35,    670.00,     19.07,      4.94,    207.92,      7.83
  930.19,    690.00,     18.70,      4.94,    208.10,      7.93
  928.03,    710.00,     18.42,      4.97,    205.99,      8.16
  925.87,    730.00,     17.90,      4.83,    208.49,      8.39
  923.72,    750.00,     17.63,      4.87,    212.36,      8.64
  921.56,    770.00,     17.61,      4.94,    213.66,      8.79
  919.42,    790.00,     17.55,      4.85,    214.80,      8.92
  917.28,    810.00,     17.32,      4.57,    216.69,      9.16
  915.14,    830.00,     17.00,      4.31,    218.61,      9.45
  913.00,    850.00,     16.90,      4.23,    220.22,      9.67
  910.87,    870.00,     17.16,      4.21,    221.78,      9.84
  908.75,    890.00,     17.58,      4.03,    223.67,      9.98
  906.64,    910.00,     17.76,      3.64,    225.25,     10.04
  904.52,    930.00,     17.43,      3.24,    225.83,     10.11
  902.41,    950.00,     17.08,      3.12,    225.61,     10.18
  900.31,    970.00,     17.01,      3.15,    226.10,     10.26
  898.20,    990.00,     17.09,      3.18,    227.77,     10.27
  896.10,   1010.00,     17.11,      3.08,    228.86,     10.31
  894.01,   1030.00,     16.93,      2.84,    228.97,     10.05
  891.92,   1050.00,     16.54,      2.58,    230.87,      9.92
  889.83,   1070.00,     16.04,      2.40,    233.60,      9.87
  887.74,   1090.00,     15.40,      2.24,    236.53,      9.93
  885.66,   1110.00,     14.82,      2.13,    237.70,      9.94
  883.57,   1130.00,     14.37,      2.10,    238.51,      9.98
  881.49,   1150.00,     14.09,      2.13,    238.95,     10.02
  879.41,   1170.00,     13.85,      2.14,    239.55,     10.19
  877.34,   1190.00,     13.68,      2.17,    238.87,     10.50
  875.26,   1210.00,     13.58,      2.23,    238.84,     10.75
  873.20,   1230.00,     13.49,      2.28,    239.54,     10.87
  871.14,   1250.00,     13.40,      2.29,    240.09,     10.93
  869.08,   1270.00,     13.33,      2.28,    240.16,     10.86
  867.04,   1290.00,     13.52,      2.38,    240.75,     10.74
  864.99,   1310.00,     13.77,      2.41,    241.37,     10.62
  862.95,   1330.00,     13.89,      2.30,    241.30,     10.72
  860.92,   1350.00,     13.74,      2.11,    241.23,     10.92
  858.88,   1370.00,     13.59,      2.08,    241.03,     11.37
  856.85,   1390.00,     13.45,      2.05,    240.67,     11.71
  854.83,   1410.00,     13.29,      2.02,    240.12,     11.90
  852.81,   1430.00,     13.17,      2.00,    239.76,     11.88
  850.79,   1450.00,     13.02,      1.92,    240.60,     11.77
  848.77,   1470.00,     12.86,      1.79,    242.25,     11.61
  846.76,   1490.00,     12.71,      1.63,    243.23,     11.43
  844.75,   1510.00,     12.51,      1.43,    242.61,     11.07
  842.75,   1530.00,     12.03,      1.14,    242.25,     10.85
  840.74,   1550.00,     11.54,      1.07,    243.26,     10.72
  838.74,   1570.00,     11.48,      1.25,    245.02,     10.88
  836.74,   1590.00,     11.54,      1.32,    246.28,     11.00
  834.75,   1610.00,     11.24,      1.06,    246.48,     11.25
  832.76,   1630.00,     10.68,      0.76,    247.82,     11.37
  830.77,   1650.00,     10.06,      0.59,    248.58,     11.47
  828.78,   1670.00,      9.76,      0.65,    249.06,     11.45
  826.80,   1690.00,      9.79,      0.82,    249.04,     11.52
  824.82,   1710.00,      9.95,      0.97,    249.40,     11.42
  822.84,   1730.00,     10.07,      0.98,    249.96,     11.28
  820.87,   1750.00,     10.06,      0.93,    251.52,     11.37
  818.91,   1770.00,      9.92,      0.82,    252.60,     11.57
  816.94,   1790.00,      9.73,      0.75,    253.04,     11.65
  814.99,   1810.00,      9.59,      0.74,    252.72,     11.65
  813.03,   1830.00,      9.38,      0.68,    254.58,     11.71
  811.08,   1850.00,      8.89,      0.52,    256.55,     11.62
  809.13,   1870.00,      8.65,      0.55,    256.80,     11.55
  807.19,   1890.00,      8.63,      0.67,    255.99,     11.57
  805.24,   1910.00,      8.67,      0.68,    256.23,     11.59
  803.31,   1930.00,      8.45,      0.47,    256.51,     11.61
  801.37,   1950.00,      8.20,      0.33,    256.46,     11.60
  799.44,   1970.00,      8.07,      0.30,    256.95,     11.61
  797.51,   1990.00,      7.94,      0.28,    258.54,     11.38
  795.59,   2010.00,      7.76,      0.25,    258.59,     11.16
  793.67,   2030.00,      7.56,      0.19,    257.53,     10.89
  791.76,   2050.00,      7.36,      0.11,    256.93,     10.78
  789.84,   2070.00,      7.11,      0.04,    257.11,     11.10
  787.93,   2090.00,      6.85,     -0.03,    257.62,     11.53
  786.02,   2110.00,      6.58,     -0.12,    257.49,     12.37
  784.12,   2130.00,      6.31,     -0.20,    258.15,     13.33
  782.22,   2150.00,      6.15,     -0.20,    258.39,     14.20
  780.32,   2170.00,      6.05,     -0.19,    257.73,     14.46
  778.43,   2190.00,      5.91,     -0.22,    256.35,     14.58
  776.54,   2210.00,      5.80,     -0.21,    256.76,     14.61
  774.65,   2230.00,      5.65,     -0.18,    256.83,     14.56
  772.77,   2250.00,      5.47,     -0.25,    256.95,     14.41
  770.89,   2270.00,      5.27,     -0.51,    258.27,     14.26
  769.01,   2290.00,      5.11,     -0.84,    260.97,     14.05
  767.14,   2310.00,      5.01,     -1.22,    264.50,     13.85
  765.27,   2330.00,      4.93,     -1.65,    264.44,     13.66
  763.40,   2350.00,      4.80,     -1.95,    264.85,     13.66
  761.54,   2370.00,      4.58,     -2.22,    267.57,     13.81
  759.68,   2390.00,      4.37,     -2.34,    271.44,     13.96
  757.83,   2410.00,      4.19,     -2.39,    273.10,     14.07
  755.97,   2430.00,      3.93,     -2.50,    273.93,     14.34
  754.12,   2450.00,      3.66,     -2.69,    275.21,     14.69
  752.28,   2470.00,      3.45,     -2.83,    276.20,     15.22
  750.43,   2490.00,      3.30,     -2.93,    275.99,     16.14
  748.59,   2510.00,      3.14,     -3.07,    273.85,     17.01
  746.76,   2530.00,      2.99,     -3.17,    272.24,     17.53
  744.92,   2550.00,      2.88,     -3.37,    272.11,     17.75
  743.09,   2570.00,      2.75,     -3.91,    273.31,     17.91
  741.27,   2590.00,      2.54,     -4.64,    275.19,     17.74
  739.44,   2610.00,      2.32,     -5.10,    277.65,     17.62
  737.62,   2630.00,      2.23,     -5.30,    279.81,     17.21
  735.81,   2650.00,      2.21,     -5.78,    281.36,     16.85
  733.99,   2670.00,      2.09,     -6.14,    281.37,     16.60
  732.18,   2690.00,      1.89,     -6.15,    280.21,     16.65
  730.38,   2710.00,      1.61,     -6.12,    279.66,     16.74
  728.58,   2730.00,      1.45,     -6.06,    280.86,     16.96
  726.78,   2750.00,      1.35,     -6.01,    281.01,     17.16
  724.98,   2770.00,      1.18,     -5.99,    280.78,     17.34
  723.19,   2790.00,      0.98,     -6.07,    281.95,     17.48
  721.40,   2810.00,      0.80,     -6.18,    283.39,     17.66
  719.61,   2830.00,      0.64,     -6.44,    283.92,     17.74
  717.83,   2850.00,      0.52,     -6.82,    283.92,     17.86
  716.05,   2870.00,      0.43,     -7.29,    283.94,     18.04
  714.27,   2890.00,      0.29,     -7.87,    283.75,     18.18
  712.50,   2910.00,      0.12,     -8.44,    283.79,     18.26
  710.73,   2930.00,     -0.04,     -8.96,    283.82,     18.42
  708.97,   2950.00,     -0.10,     -9.28,    282.95,     18.69
  707.21,   2970.00,     -0.12,     -9.34,    281.94,     19.06
  705.45,   2990.00,     -0.02,     -9.08,    281.10,     19.50
  703.70,   3010.00,      0.12,     -8.89,    280.33,     20.09
  701.95,   3030.00,      0.20,     -9.03,    279.15,     20.49
  700.21,   3050.00,      0.18,     -9.37,    278.83,     20.79
  698.48,   3070.00,      0.17,     -9.88,    278.74,     21.03
  696.74,   3090.00,      0.21,    -10.49,    278.71,     21.12
  695.01,   3110.00,      0.22,    -11.00,    278.11,     21.22
  693.29,   3130.00,      0.15,    -11.52,    277.43,     21.38
  691.57,   3150.00,      0.10,    -11.87,    277.42,     21.87
  689.85,   3170.00,      0.04,    -12.20,    277.44,     22.64
  688.14,   3190.00,     -0.02,    -12.64,    277.38,     23.58
  686.43,   3210.00,     -0.02,    -13.20,    277.74,     24.95
  684.73,   3230.00,      0.16,    -13.87,    278.04,     26.37
  683.03,   3250.00,      0.33,    -14.62,    278.11,     27.61
  681.33,   3270.00,      0.40,    -15.47,    278.76,     28.85
  679.64,   3290.00,      0.40,    -16.47,    279.96,     30.13
  677.96,   3310.00,      0.47,    -17.49,    280.64,     31.07
  676.27,   3330.00,      0.53,    -18.40,    280.68,     31.66
  674.59,   3350.00,      0.54,    -19.10,    280.74,     31.73
  672.92,   3370.00,      0.62,    -19.97,    280.17,     31.46
  671.25,   3390.00,      0.70,    -21.62,    278.68,     31.12
  669.58,   3410.00,      0.73,    -23.62,    276.76,     30.74
  667.92,   3430.00,      0.76,    -24.74,    275.67,     30.39
  666.26,   3450.00,      0.79,    -25.57,    274.66,     30.16
  664.60,   3470.00,      0.79,    -26.72,    273.83,     29.79
  662.95,   3490.00,      0.86,    -28.14,    273.18,     29.32
  661.31,   3510.00,      0.94,    -28.96,    272.73,     28.93
  659.66,   3530.00,      0.93,    -29.02,    272.09,     28.58
  658.02,   3550.00,      0.79,    -28.75,    271.32,     28.20
  656.39,   3570.00,      0.55,    -28.63,    270.62,     28.09
  654.76,   3590.00,      0.34,    -28.65,    270.00,     27.83
  653.13,   3610.00,      0.11,    -28.69,    269.90,     27.74
  651.51,   3630.00,     -0.12,    -28.70,    269.71,     27.82
  649.89,   3650.00,     -0.34,    -28.69,    269.42,     28.03
  648.27,   3670.00,     -0.45,    -28.70,    269.42,     28.31
  646.65,   3690.00,     -0.57,    -28.86,    269.22,     28.60
  645.04,   3710.00,     -0.73,    -29.12,    269.10,     28.84
  643.43,   3730.00,     -0.91,    -29.38,    269.01,     29.04
  641.83,   3750.00,     -1.01,    -29.51,    269.17,     29.16
  640.22,   3770.00,     -1.12,    -29.60,    269.19,     29.23
  638.62,   3790.00,     -1.28,    -29.70,    269.20,     29.36
  637.03,   3810.00,     -1.45,    -29.74,    269.25,     29.53
  635.43,   3830.00,     -1.57,    -29.74,    269.38,     29.76
  633.85,   3850.00,     -1.65,    -29.85,    269.26,     29.99
  632.26,   3870.00,     -1.76,    -30.13,    268.91,     30.45
  630.68,   3890.00,     -1.89,    -30.41,    268.72,     30.48
  629.10,   3910.00,     -2.04,    -30.70,    268.78,     30.27
  627.52,   3930.00,     -2.25,    -31.10,    268.71,     29.97
  625.95,   3950.00,     -2.45,    -31.44,    268.70,     29.66
  624.37,   3970.00,     -2.54,    -31.76,    268.47,     29.15
  622.81,   3990.00,     -2.53,    -32.44,    267.86,     28.89
  621.24,   4010.00,     -2.50,    -33.62,    266.77,     28.61
  619.68,   4030.00,     -2.55,    -34.90,    265.63,     28.38
  618.12,   4050.00,     -2.69,    -35.97,    264.72,     28.12
  616.57,   4070.00,     -2.91,    -36.79,    263.95,     27.87
  615.02,   4090.00,     -3.08,    -37.25,    263.11,     27.47
  613.47,   4110.00,     -3.18,    -37.62,    261.77,     27.33
  611.93,   4130.00,     -3.25,    -37.75,    259.73,     27.28
  610.39,   4150.00,     -3.27,    -37.45,    257.34,     27.44
  608.85,   4170.00,     -3.24,    -36.87,    255.45,     27.82
  607.32,   4190.00,     -3.21,    -36.37,    253.92,     28.27
  605.79,   4210.00,     -3.35,    -36.16,    253.15,     28.60
  604.27,   4230.00,     -3.57,    -36.09,    252.53,     28.91
  602.74,   4250.00,     -3.70,    -35.67,    252.51,     29.24
  601.22,   4270.00,     -3.73,    -34.66,    252.60,     29.27
  599.71,   4290.00,     -3.78,    -33.58,    252.88,     29.30
  598.20,   4310.00,     -3.89,    -32.52,    252.73,     29.04
  596.69,   4330.00,     -4.02,    -31.54,    252.43,     28.76
  595.18,   4350.00,     -4.14,    -30.91,    252.38,     28.42
  593.68,   4370.00,     -4.25,    -30.39,    252.52,     28.36
  592.18,   4390.00,     -4.42,    -29.63,    251.97,     28.38
  590.68,   4410.00,     -4.68,    -28.68,    251.34,     28.52
  589.18,   4430.00,     -4.95,    -27.62,    250.74,     28.72
  587.69,   4450.00,     -5.17,    -26.73,    250.34,     28.93
  586.20,   4470.00,     -5.36,    -26.11,    250.37,     29.06
  584.72,   4490.00,     -5.55,    -25.64,    251.27,     29.03
  583.23,   4510.00,     -5.66,    -25.11,    252.48,     29.09
  581.75,   4530.00,     -5.75,    -24.57,    253.60,     28.98
  580.27,   4550.00,     -5.81,    -24.23,    255.07,     28.90
  578.80,   4570.00,     -5.94,    -24.02,    256.49,     28.86
  577.33,   4590.00,     -6.02,    -23.90,    256.54,     28.87
  575.86,   4610.00,     -6.06,    -23.89,    255.68,     29.00
  574.40,   4630.00,     -6.15,    -24.00,    254.49,     29.40
  572.94,   4650.00,     -6.26,    -24.18,    253.38,     29.72
  571.48,   4670.00,     -6.25,    -24.33,    252.64,     29.96
  570.02,   4690.00,     -6.24,    -24.51,    252.70,     30.13
  568.57,   4710.00,     -6.31,    -24.70,    253.07,     30.05
  567.12,   4730.00,     -6.48,    -24.84,    253.47,     29.99
  565.68,   4750.00,     -6.67,    -24.88,    253.85,     30.04
  564.24,   4770.00,     -6.84,    -24.82,    254.35,     30.14
  562.80,   4790.00,     -7.01,    -24.66,    254.89,     30.12
  561.36,   4810.00,     -7.17,    -24.45,    255.71,     30.04
  559.93,   4830.00,     -7.32,    -24.30,    256.40,     29.85
  558.50,   4850.00,     -7.48,    -24.21,    257.10,     29.65
  557.07,   4870.00,     -7.62,    -24.13,    257.57,     29.43
  555.65,   4890.00,     -7.76,    -24.07,    258.05,     29.08
  554.22,   4910.00,     -7.97,    -24.06,    258.70,     28.68
  552.81,   4930.00,     -8.16,    -23.93,    258.93,     28.31
  551.39,   4950.00,     -8.27,    -23.75,    258.81,     27.87
%END%
