%TITLE%
 XXX   240523/1757
 Saved by user: User on 20240523/1843 UTC
   LEVEL       HGHT       TEMP       DWPT       WDIR       WSPD
-------------------------------------------------------------------
%RAW%
  985.42,    190.00,  -9999.00,  -9999.00,  -9999.00,  -9999.00
  983.01,    211.00,     16.83,      9.80,    163.69,     12.65
  980.72,    231.00,     17.36,      9.99,    162.59,     13.70
  978.45,    251.00,     18.36,      9.85,    160.43,     14.44
  976.18,    271.00,     19.64,      9.05,    159.20,     15.03
  973.93,    291.00,     20.68,      8.22,    157.35,     14.64
  971.69,    311.00,     21.37,      7.23,    159.06,     13.82
  969.46,    331.00,     21.66,      6.53,    163.88,     12.63
  967.24,    351.00,     21.96,      6.31,    169.52,     11.18
  965.02,    371.00,     22.30,      6.27,    167.42,     10.66
  962.81,    391.00,     22.07,      6.01,    169.17,     11.99
  960.60,    411.00,     21.40,      5.81,    180.15,     13.24
  958.39,    431.00,     21.25,      5.86,    184.09,     13.97
  956.19,    451.00,     21.56,      5.99,    183.56,     14.13
  953.99,    471.00,     21.88,      5.98,    180.48,     12.76
  951.80,    491.00,     21.83,      5.84,    185.59,     10.06
  949.62,    511.00,     21.71,      5.78,    197.55,      7.95
  947.43,    531.00,     21.60,      5.74,    238.40,      7.88
  945.26,    551.00,     21.49,      5.66,    242.65,      7.55
  943.08,    571.00,     21.36,      5.53,    210.52,      7.87
  940.91,    591.00,     21.07,      5.34,    181.30,      7.95
  938.75,    611.00,     20.84,      5.27,    191.22,      8.59
  936.58,    631.00,     20.79,      5.25,    202.19,      8.78
  934.43,    651.00,     20.75,      5.17,    208.44,      8.90
  932.27,    671.00,     20.49,      4.95,    209.04,      9.64
  930.12,    691.00,     19.80,      4.60,    210.44,     10.70
  927.97,    711.00,     19.07,      4.39,    208.31,     11.23
  925.81,    731.00,     18.55,      4.37,    206.03,     11.32
  923.66,    751.00,     18.10,      4.41,    209.29,     10.78
  921.51,    771.00,     17.84,      4.42,    214.02,     10.13
  919.37,    791.00,     17.63,      4.43,    217.38,      9.72
  917.23,    811.00,     17.37,      4.38,    222.08,     10.20
  915.09,    831.00,     17.20,      4.30,    226.46,     11.03
  912.95,    851.00,     17.12,      4.11,    231.36,     12.07
  910.82,    871.00,     17.10,      3.89,    235.32,     12.97
  908.70,    891.00,     17.07,      3.68,    236.60,     13.71
  906.57,    911.00,     16.97,      3.51,    235.68,     14.02
  904.46,    931.00,     16.81,      3.36,    235.11,     14.25
  902.34,    951.00,     16.61,      3.22,    235.27,     14.29
  900.23,    971.00,     16.44,      3.14,    235.28,     14.25
  898.13,    991.00,     16.23,      3.07,    234.77,     14.22
  896.02,   1011.00,     16.05,      3.02,    232.90,     14.05
  893.93,   1031.00,     15.81,      3.01,    230.73,     14.02
  891.83,   1051.00,     15.55,      3.02,    231.30,     14.04
  889.74,   1071.00,     15.38,      3.05,    234.11,     14.03
  887.65,   1091.00,     15.24,      3.04,    236.86,     13.85
  885.56,   1111.00,     15.09,      3.02,    236.52,     13.56
  883.48,   1131.00,     14.91,      3.06,    236.20,     13.17
  881.41,   1151.00,     14.79,      3.15,    235.52,     12.75
  879.33,   1171.00,     14.69,      3.15,    234.73,     12.51
  877.26,   1191.00,     14.53,      3.08,    234.13,     12.40
  875.20,   1211.00,     14.26,      2.99,    235.05,     12.46
  873.13,   1231.00,     14.02,      2.95,    235.51,     12.46
  871.07,   1251.00,     13.73,      2.90,    234.85,     12.46
  869.02,   1271.00,     13.50,      2.86,    233.84,     12.41
  866.96,   1291.00,     13.28,      2.81,    233.97,     12.32
  864.91,   1311.00,     13.09,      2.76,    234.40,     12.34
  862.87,   1331.00,     12.93,      2.71,    234.38,     12.45
  860.82,   1351.00,     12.80,      2.67,    234.09,     12.43
  858.78,   1371.00,     12.69,      2.64,    233.50,     12.24
  856.75,   1391.00,     12.73,      2.70,    236.19,     11.89
  854.72,   1411.00,     12.94,      2.81,    241.33,     11.62
  852.70,   1431.00,     13.20,      2.89,    246.22,     11.63
  850.68,   1451.00,     13.27,      2.76,    247.46,     11.71
  848.67,   1471.00,     12.88,      2.47,    245.33,     11.78
  846.66,   1491.00,     12.38,      2.27,    243.07,     11.90
  844.65,   1511.00,     12.12,      2.29,    241.65,     11.97
  842.64,   1531.00,     11.99,      2.31,    241.05,     12.04
  840.64,   1551.00,     11.55,      2.26,    240.18,     12.14
  838.64,   1571.00,     11.37,      2.33,    239.83,     12.24
  836.64,   1591.00,     11.52,      2.42,    240.70,     12.27
  834.66,   1611.00,     11.93,      2.37,    242.98,     12.34
  832.67,   1631.00,     11.85,      2.14,    244.79,     12.41
  830.69,   1651.00,     11.62,      1.96,    247.59,     12.34
  828.72,   1671.00,     11.37,      1.78,    249.23,     12.23
  826.74,   1691.00,     11.26,      1.69,    249.52,     12.09
  824.77,   1711.00,     11.16,      1.58,    247.75,     11.74
  822.80,   1731.00,     11.09,      1.51,    246.73,     11.36
  820.84,   1751.00,     10.90,      1.37,    246.92,     11.02
  818.88,   1771.00,     10.70,      1.27,    248.28,     10.71
  816.92,   1791.00,     10.41,      1.11,    248.91,     10.56
  814.97,   1811.00,     10.11,      0.98,    250.24,     10.78
  813.02,   1831.00,      9.91,      0.98,    252.12,     11.22
  811.07,   1851.00,      9.79,      1.13,    254.51,     11.40
  809.13,   1871.00,      9.59,      1.16,    257.29,     11.42
  807.19,   1891.00,      9.34,      1.10,    259.88,     11.35
  805.25,   1911.00,      9.09,      1.04,    259.68,     11.11
  803.32,   1931.00,      8.92,      0.98,    258.80,     10.70
  801.39,   1951.00,      8.79,      0.97,    256.74,     10.26
  799.46,   1971.00,      8.56,      0.82,    254.49,      9.81
  797.54,   1991.00,      8.39,      0.68,    251.25,      9.75
  795.62,   2011.00,      8.06,      0.43,    248.15,     10.05
  793.70,   2031.00,      7.65,      0.37,    245.58,     10.60
  791.78,   2051.00,      7.48,      0.50,    247.51,     10.95
  789.87,   2071.00,      7.42,      0.50,    247.84,     11.19
  787.97,   2091.00,      7.22,      0.35,    246.88,     11.29
  786.06,   2111.00,      7.00,      0.26,    246.08,     11.48
  784.16,   2131.00,      6.84,      0.27,    247.47,     11.85
  782.26,   2151.00,      6.71,      0.30,    250.79,     12.26
  780.36,   2171.00,      6.49,      0.27,    254.41,     12.39
  778.47,   2191.00,      6.19,      0.16,    256.60,     12.34
  776.58,   2211.00,      5.94,      0.09,    258.78,     12.27
  774.70,   2231.00,      5.97,      0.20,    259.39,     12.09
  772.82,   2251.00,      6.00,      0.17,    259.56,     11.88
  770.95,   2271.00,      5.61,     -0.27,    260.33,     11.62
  769.07,   2291.00,      4.90,     -0.93,    261.96,     11.53
  767.20,   2311.00,      4.19,     -1.47,    261.99,     11.26
  765.32,   2331.00,      3.52,     -1.66,    260.72,     11.21
  763.44,   2351.00,      3.10,     -1.49,    260.25,     11.10
  761.57,   2371.00,      2.83,     -1.32,    259.58,     10.88
  759.70,   2391.00,      2.60,     -1.27,    258.65,     10.69
  757.83,   2411.00,      2.48,     -1.32,    257.84,     10.63
  755.97,   2431.00,      2.37,     -1.42,    257.82,     10.75
  754.11,   2451.00,      2.27,     -1.55,    259.49,     11.11
  752.26,   2471.00,      2.13,     -1.72,    263.36,     11.72
  750.40,   2491.00,      2.00,     -1.92,    268.55,     12.01
  748.56,   2511.00,      1.93,     -2.12,    270.89,     12.17
  746.71,   2531.00,      1.90,     -2.31,    272.26,     12.28
  744.87,   2551.00,      1.90,     -2.56,    274.80,     12.49
  743.04,   2571.00,      1.85,     -2.88,    278.93,     12.99
  741.20,   2591.00,      1.71,     -3.16,    279.49,     13.82
  739.38,   2611.00,      1.51,     -3.39,    279.19,     14.37
  737.55,   2631.00,      1.36,     -3.52,    279.56,     14.65
  735.73,   2651.00,      1.23,     -3.66,    280.52,     14.63
  733.91,   2671.00,      1.07,     -3.87,    279.95,     14.44
  732.10,   2691.00,      0.88,     -4.04,    277.85,     14.43
  730.29,   2711.00,      0.70,     -4.10,    274.43,     14.94
  728.48,   2731.00,      0.71,     -3.97,    273.22,     15.71
  726.67,   2751.00,      0.74,     -3.87,    274.18,     16.26
  724.87,   2771.00,      0.59,     -3.93,    276.28,     16.32
  723.07,   2791.00,      0.31,     -3.97,    277.95,     16.24
  721.28,   2811.00,      0.16,     -3.81,    278.96,     16.13
  719.49,   2831.00,      0.32,     -3.49,    278.08,     16.09
  717.71,   2851.00,      0.77,     -3.12,    277.70,     15.96
  715.94,   2871.00,      1.25,     -3.06,    281.53,     15.89
  714.17,   2891.00,      1.19,     -3.46,    284.70,     16.11
  712.41,   2911.00,      0.97,     -3.78,    286.03,     16.57
  710.65,   2931.00,      0.49,     -4.15,    287.03,     17.55
  708.89,   2951.00,     -0.33,     -4.58,    288.16,     18.91
  707.12,   2971.00,     -0.94,     -4.67,    286.69,     20.57
  705.36,   2991.00,     -0.87,     -4.44,    283.93,     21.81
  703.61,   3011.00,     -0.25,     -4.29,    281.65,     22.29
  701.86,   3031.00,      0.29,     -4.97,    276.87,     22.30
  700.12,   3051.00,      0.17,     -5.52,    275.12,     22.12
  698.38,   3071.00,     -0.06,     -5.84,    274.61,     21.78
  696.65,   3091.00,     -0.20,     -6.24,    275.81,     21.87
  694.92,   3111.00,     -0.02,     -6.71,    278.39,     22.32
  693.20,   3131.00,      0.17,     -7.45,    280.62,     22.26
  691.48,   3151.00,      0.19,     -8.14,    281.68,     22.25
  689.76,   3171.00,      0.05,     -8.71,    281.64,     22.33
  688.05,   3191.00,     -0.17,     -9.12,    283.64,     23.11
  686.34,   3211.00,     -0.32,     -9.44,    283.94,     24.77
  684.64,   3231.00,     -0.09,     -9.91,    282.17,     26.89
  682.94,   3251.00,      0.51,    -11.03,    278.03,     28.95
  681.25,   3271.00,      1.25,    -13.44,    276.59,     30.21
  679.57,   3291.00,      1.69,    -16.45,    276.32,     30.75
  677.89,   3311.00,      1.81,    -19.27,    275.93,     30.97
  676.22,   3331.00,      1.78,    -21.32,    274.61,     31.03
  674.55,   3351.00,      1.67,    -22.49,    273.39,     31.08
  672.88,   3371.00,      1.60,    -23.16,    272.69,     31.08
  671.22,   3391.00,      1.32,    -23.80,    271.89,     31.06
  669.55,   3411.00,      1.03,    -24.30,    271.45,     31.20
  667.89,   3431.00,      0.80,    -24.72,    271.31,     31.42
  666.24,   3451.00,      0.85,    -25.48,    271.07,     31.43
  664.59,   3471.00,      0.88,    -26.34,    270.78,     31.47
  662.94,   3491.00,      0.80,    -26.78,    270.62,     31.45
  661.29,   3511.00,      0.61,    -26.77,    270.61,     31.36
  659.65,   3531.00,      0.42,    -26.59,    270.78,     31.28
  658.02,   3551.00,      0.33,    -26.57,    271.07,     31.20
  656.38,   3571.00,      0.27,    -26.70,    271.22,     30.95
  654.75,   3591.00,      0.18,    -26.96,    271.06,     30.68
  653.12,   3611.00,      0.03,    -27.36,    270.51,     30.35
  651.50,   3631.00,      0.00,    -27.80,    270.05,     29.87
  649.88,   3651.00,     -0.04,    -28.33,    269.71,     29.60
  648.26,   3671.00,     -0.11,    -28.72,    269.25,     29.42
  646.65,   3691.00,     -0.18,    -29.33,    267.65,     29.20
  645.04,   3711.00,     -0.13,    -30.31,    265.80,     29.06
  643.43,   3731.00,     -0.12,    -31.44,    265.01,     29.09
  641.83,   3751.00,     -0.21,    -32.28,    264.60,     29.12
  640.23,   3771.00,     -0.40,    -32.86,    263.74,     29.10
  638.64,   3791.00,     -0.66,    -33.43,    263.25,     29.04
  637.04,   3811.00,     -0.79,    -33.79,    262.74,     28.91
  635.45,   3831.00,     -0.92,    -34.01,    261.77,     28.77
  633.87,   3851.00,     -1.11,    -34.21,    260.76,     28.74
  632.29,   3871.00,     -1.35,    -34.43,    259.89,     28.75
  630.71,   3891.00,     -1.45,    -34.56,    259.39,     28.67
  629.13,   3911.00,     -1.58,    -34.69,    259.09,     28.50
  627.56,   3931.00,     -1.75,    -34.76,    259.07,     28.36
  625.98,   3951.00,     -1.87,    -34.69,    259.03,     28.37
  624.42,   3971.00,     -1.94,    -34.67,    259.35,     28.73
  622.85,   3991.00,     -1.99,    -34.86,    259.30,     29.40
  621.29,   4011.00,     -2.06,    -35.15,    259.12,     30.16
  619.74,   4031.00,     -1.96,    -35.16,    258.24,     30.64
  618.18,   4051.00,     -1.86,    -34.95,    257.89,     30.94
  616.63,   4071.00,     -2.01,    -34.73,    257.77,     31.01
  615.08,   4091.00,     -2.26,    -34.49,    258.54,     30.96
  613.54,   4111.00,     -2.37,    -34.10,    258.54,     31.03
  612.00,   4131.00,     -2.53,    -33.31,    258.41,     31.15
  610.46,   4151.00,     -2.69,    -32.32,    257.58,     31.26
  608.93,   4171.00,     -2.81,    -31.55,    256.88,     31.29
  607.40,   4191.00,     -2.94,    -30.93,    255.62,     31.26
  605.87,   4211.00,     -3.04,    -30.49,    254.10,     31.22
  604.35,   4231.00,     -3.11,    -29.62,    253.09,     31.44
  602.83,   4251.00,     -3.25,    -27.53,    253.69,     31.53
  601.31,   4271.00,     -3.42,    -25.24,    254.87,     31.60
  599.79,   4291.00,     -3.54,    -23.30,    256.23,     31.64
  598.28,   4311.00,     -3.60,    -22.26,    257.13,     31.60
  596.77,   4331.00,     -3.67,    -21.81,    257.13,     31.50
  595.27,   4351.00,     -3.79,    -21.70,    256.17,     31.66
  593.77,   4371.00,     -3.87,    -21.71,    255.57,     31.98
  592.27,   4391.00,     -3.91,    -21.75,    255.33,     32.30
  590.77,   4411.00,     -4.03,    -21.93,    255.08,     32.61
  589.28,   4431.00,     -4.16,    -22.13,    254.52,     32.84
  587.79,   4451.00,     -4.36,    -22.37,    253.54,     32.93
  586.31,   4471.00,     -4.60,    -22.59,    252.49,     33.05
  584.82,   4491.00,     -4.72,    -22.66,    251.94,     32.90
  583.34,   4511.00,     -4.79,    -22.71,    251.80,     32.90
  581.87,   4531.00,     -4.88,    -22.79,    251.85,     32.88
  580.40,   4551.00,     -5.13,    -22.97,    252.03,     32.94
  578.92,   4571.00,     -5.36,    -23.09,    252.31,     33.05
  577.46,   4591.00,     -5.56,    -23.17,    252.64,     33.05
  575.99,   4611.00,     -5.74,    -23.20,    253.26,     33.02
  574.53,   4631.00,     -5.87,    -23.25,    253.74,     32.92
  573.07,   4651.00,     -6.01,    -23.33,    253.59,     32.79
  571.61,   4671.00,     -6.12,    -23.39,    253.39,     32.58
  570.16,   4691.00,     -6.28,    -23.47,    253.60,     32.55
  568.70,   4711.00,     -6.47,    -23.56,    254.31,     32.39
  567.25,   4731.00,     -6.71,    -23.68,    254.73,     32.10
  565.81,   4751.00,     -6.83,    -23.69,    254.85,     31.86
  564.36,   4771.00,     -6.89,    -23.67,    254.67,     31.63
  562.92,   4791.00,     -6.95,    -23.68,    254.24,     31.32
  561.49,   4811.00,     -7.09,    -23.75,    254.87,     31.06
  560.05,   4831.00,     -7.28,    -23.83,    255.82,     30.90
  558.62,   4851.00,     -7.43,    -23.85,    256.88,     30.75
  557.19,   4871.00,     -7.59,    -23.92,    256.85,     30.73
  555.77,   4891.00,     -7.79,    -24.00,    257.06,     30.67
  554.35,   4911.00,     -8.06,    -24.12,    257.54,     30.67
  552.93,   4931.00,     -8.17,    -24.11,    258.02,     30.58
%END%
