%TITLE%
 XXX   230601/1659
 Saved by user: User on 20230601/1822 UTC
   LEVEL       HGHT       TEMP       DWPT       WDIR       WSPD
-------------------------------------------------------------------
%RAW%
  998.96,    162.00,  -9999.00,  -9999.00,  -9999.00,  -9999.00
  996.52,    183.00,     18.07,     13.86,    130.83,     10.52
  994.22,    203.00,     18.98,     14.45,    138.03,      9.81
  991.92,    223.00,     19.89,     14.76,    153.64,      9.39
  989.64,    243.00,     20.91,     15.12,    171.27,      8.96
  987.38,    263.00,     22.09,     15.48,    180.16,      8.95
  985.12,    283.00,     22.97,     15.55,    177.47,      9.18
  982.88,    303.00,     23.60,     15.42,    169.51,      9.39
  980.65,    323.00,     24.04,     15.30,    162.48,      9.79
  978.42,    343.00,     24.33,     15.24,    158.11,     10.03
  976.20,    363.00,     24.65,     15.08,    151.32,     10.08
  973.99,    383.00,     24.83,     14.86,    147.19,     10.06
  971.79,    403.00,     24.95,     14.71,    147.99,      9.89
  969.59,    423.00,     25.06,     14.64,    151.32,      9.75
  967.39,    443.00,     25.18,     14.68,    156.04,      9.91
  965.20,    463.00,     25.24,     14.61,    158.55,     10.06
  963.02,    483.00,     25.31,     14.11,    157.93,     10.16
  960.84,    503.00,     25.40,     13.17,    155.57,     10.06
  958.67,    523.00,     25.51,     12.28,    154.79,      9.93
  956.49,    543.00,     25.50,     11.62,    154.24,      9.80
  954.33,    563.00,     25.43,     11.27,    154.38,      9.81
  952.17,    583.00,     25.32,     11.23,    153.31,      9.73
  950.01,    603.00,     25.21,     11.52,    151.11,      9.62
  947.86,    623.00,     25.10,     11.87,    150.57,      9.43
  945.71,    643.00,     24.95,     11.98,    152.46,      9.13
  943.56,    663.00,     24.80,     11.86,    154.73,      8.97
  941.42,    683.00,     24.65,     11.64,    156.15,      8.90
  939.28,    703.00,     24.56,     11.49,    155.77,      8.86
  937.15,    723.00,     24.45,     11.47,    155.44,      8.75
  935.02,    743.00,     24.38,     11.52,    156.11,      8.78
  932.89,    763.00,     24.29,     11.50,    157.08,      8.90
  930.77,    783.00,     24.14,     11.40,    157.84,      9.09
  928.65,    803.00,     24.06,     11.45,    158.47,      9.37
  926.54,    823.00,     23.99,     11.58,    158.19,      9.73
  924.43,    843.00,     23.80,     11.72,    157.93,      9.89
  922.33,    863.00,     23.62,     11.66,    158.30,      9.96
  920.23,    883.00,     23.47,     11.43,    158.36,      9.96
  918.13,    903.00,     23.32,     11.16,    157.80,      9.99
  916.04,    923.00,     23.19,     10.99,    158.19,      9.98
  913.95,    943.00,     23.05,     10.94,    158.12,     10.03
  911.86,    963.00,     22.99,     10.95,    157.73,     10.03
  909.78,    983.00,     22.99,     11.00,    157.46,     10.04
  907.70,   1003.00,     22.92,     11.00,    157.89,     10.03
  905.62,   1023.00,     22.72,     10.89,    158.32,     10.09
  903.55,   1043.00,     22.54,     10.87,    159.68,      9.99
  901.48,   1063.00,     22.37,     11.45,    163.03,      9.73
  899.42,   1083.00,     22.21,     12.08,    166.49,      9.49
  897.36,   1103.00,     22.06,     12.34,    169.42,      9.28
  895.31,   1123.00,     21.85,     12.22,    171.37,      9.13
  893.25,   1143.00,     21.70,     12.01,    171.35,      9.02
  891.21,   1163.00,     21.58,     11.86,    171.53,      8.95
  889.16,   1183.00,     21.41,     11.65,    171.31,      8.84
  887.12,   1203.00,     21.19,     11.44,    170.02,      8.69
  885.08,   1223.00,     21.00,     11.29,    167.87,      8.57
  883.05,   1243.00,     20.88,     11.23,    167.12,      8.43
  881.02,   1263.00,     20.74,     11.18,    166.24,      8.19
  878.99,   1283.00,     20.69,     11.15,    166.73,      7.97
  876.97,   1303.00,     20.56,     11.07,    166.27,      7.77
  874.95,   1323.00,     20.35,     10.97,    164.68,      7.67
  872.94,   1343.00,     20.18,     10.89,    161.20,      7.65
  870.93,   1363.00,     20.12,     10.85,    158.54,      7.81
  868.92,   1383.00,     19.97,     10.72,    157.14,      7.95
  866.91,   1403.00,     19.76,     10.59,    156.40,      8.15
  864.91,   1423.00,     19.57,     10.49,    156.20,      8.40
  862.91,   1443.00,     19.49,     10.44,    156.33,      8.58
  860.92,   1463.00,     19.40,     10.36,    156.83,      8.84
  858.93,   1483.00,     19.21,     10.22,    156.74,      9.12
  856.94,   1503.00,     19.10,     10.11,    158.71,      9.44
  854.96,   1523.00,     19.03,      9.94,    160.92,      9.66
  852.98,   1543.00,     18.86,      9.69,    162.81,      9.84
  851.00,   1563.00,     18.65,      9.48,    163.68,     10.08
  849.03,   1583.00,     18.46,      9.38,    164.45,     10.38
  847.06,   1603.00,     18.37,      9.38,    164.98,     10.62
  845.10,   1623.00,     18.29,      9.36,    165.30,     10.85
  843.14,   1643.00,     18.19,      9.31,    165.15,     11.01
  841.18,   1663.00,     18.04,      9.20,    163.88,     11.16
  839.23,   1683.00,     17.90,      9.10,    162.87,     11.24
  837.28,   1703.00,     17.75,      8.99,    162.19,     11.31
  835.33,   1723.00,     17.60,      8.85,    162.13,     11.18
  833.39,   1743.00,     17.42,      8.68,    163.05,     11.05
  831.44,   1763.00,     17.16,      8.52,    163.19,     10.94
  829.51,   1783.00,     16.98,      8.46,    162.49,     10.89
  827.57,   1803.00,     16.79,      8.42,    162.48,     10.82
  825.64,   1823.00,     16.67,      8.40,    163.15,     10.78
  823.72,   1843.00,     16.49,      8.32,    162.93,     10.68
  821.79,   1863.00,     16.32,      8.21,    162.32,     10.58
  819.87,   1883.00,     16.09,      8.09,    161.54,     10.49
  817.96,   1903.00,     15.93,      8.02,    161.10,     10.52
  816.04,   1923.00,     15.78,      7.90,    159.42,     10.67
  814.13,   1943.00,     15.60,      7.70,    157.05,     10.87
  812.23,   1963.00,     15.47,      7.57,    155.77,     11.27
  810.32,   1983.00,     15.33,      7.47,    155.33,     11.71
  808.42,   2003.00,     15.21,      7.40,    154.06,     12.09
  806.53,   2023.00,     15.10,      7.33,    152.98,     12.37
  804.63,   2043.00,     15.01,      7.27,    152.36,     12.66
  802.74,   2063.00,     14.87,      7.12,    152.88,     12.90
  800.86,   2083.00,     14.67,      6.88,    153.66,     13.07
  798.97,   2103.00,     14.43,      6.62,    155.04,     13.18
  797.09,   2123.00,     14.23,      6.48,    156.13,     13.18
  795.22,   2143.00,     14.09,      6.38,    157.15,     13.06
  793.34,   2163.00,     13.99,      6.24,    158.23,     12.81
  791.47,   2183.00,     13.84,      5.95,    159.77,     12.39
  789.61,   2203.00,     13.74,      5.68,    161.74,     12.00
  787.75,   2223.00,     13.65,      5.53,    162.94,     11.70
  785.89,   2243.00,     13.56,      5.37,    164.28,     11.54
  784.03,   2263.00,     13.48,      5.21,    165.95,     11.41
  782.18,   2283.00,     13.35,      4.95,    167.57,     11.34
  780.33,   2303.00,     13.15,      4.77,    167.70,     11.22
  778.48,   2323.00,     12.89,      4.72,    167.87,     11.11
  776.64,   2343.00,     12.74,      4.86,    168.76,     10.97
  774.80,   2363.00,     12.68,      4.85,    170.67,     10.59
  772.97,   2383.00,     12.65,      4.66,    173.02,     10.14
  771.14,   2403.00,     12.47,      4.47,    174.48,      9.53
  769.31,   2423.00,     12.25,      4.46,    174.82,      9.01
  767.48,   2443.00,     12.08,      4.58,    174.18,      8.54
  765.66,   2463.00,     11.98,      4.70,    172.73,      8.20
  763.84,   2483.00,     11.87,      4.71,    170.87,      7.94
  762.03,   2503.00,     11.64,      4.66,    169.79,      7.84
  760.22,   2523.00,     11.48,      4.65,    168.04,      7.69
  758.41,   2543.00,     11.37,      4.61,    166.08,      7.54
  756.60,   2563.00,     11.25,      4.49,    164.58,      7.40
  754.80,   2583.00,     10.97,      4.30,    163.04,      7.19
  753.00,   2603.00,     10.77,      4.25,    160.90,      7.17
  751.21,   2623.00,     10.68,      4.23,    158.98,      7.35
  749.41,   2643.00,     10.56,      4.14,    157.93,      7.55
  747.63,   2663.00,     10.35,      4.01,    156.53,      7.72
  745.84,   2683.00,     10.20,      3.95,    157.07,      7.80
  744.06,   2703.00,     10.04,      3.86,    159.32,      7.66
  742.28,   2723.00,      9.88,      3.77,    163.68,      7.46
  740.51,   2743.00,      9.76,      3.68,    165.00,      7.22
  738.73,   2763.00,      9.63,      3.57,    164.53,      7.07
  736.96,   2783.00,      9.52,      3.46,    162.05,      6.96
  735.20,   2803.00,      9.35,      3.35,    159.58,      6.72
  733.44,   2823.00,      9.06,      3.22,    153.82,      6.46
  731.68,   2843.00,      8.90,      3.11,    152.40,      6.29
  729.92,   2863.00,      8.78,      2.94,    155.22,      6.18
  728.17,   2883.00,      8.63,      2.76,    160.68,      6.12
  726.42,   2903.00,      8.45,      2.63,    166.05,      6.11
  724.67,   2923.00,      8.35,      2.56,    165.68,      6.11
  722.93,   2943.00,      8.27,      2.40,    165.94,      6.21
  721.19,   2963.00,      8.10,      2.10,    168.02,      6.20
  719.46,   2983.00,      7.97,      1.92,    171.83,      6.39
  717.72,   3003.00,      7.82,      1.80,    172.67,      6.53
  715.99,   3023.00,      7.63,      1.69,    173.89,      6.62
  714.27,   3043.00,      7.43,      1.61,    172.57,      6.56
  712.54,   3063.00,      7.22,      1.53,    171.57,      6.64
  710.82,   3083.00,      7.05,      1.45,    172.28,      6.63
  709.10,   3103.00,      6.84,      1.40,    174.33,      6.54
  707.39,   3123.00,      6.71,      1.38,    175.66,      6.51
  705.68,   3143.00,      6.58,      1.23,    177.69,      6.32
  703.97,   3163.00,      6.48,      1.09,    177.14,      5.96
  702.26,   3183.00,      6.34,      0.97,    179.18,      5.58
  700.56,   3203.00,      6.19,      0.91,    181.52,      5.32
  698.86,   3223.00,      6.07,      0.86,    186.26,      5.06
  697.16,   3243.00,      5.97,      0.83,    191.74,      4.83
  695.47,   3263.00,      5.82,      0.74,    196.42,      4.69
  693.78,   3283.00,      5.73,      0.65,    199.06,      4.23
  692.10,   3303.00,      5.69,      0.51,    201.82,      3.67
  690.42,   3323.00,      5.59,      0.38,    205.70,      3.10
  688.74,   3343.00,      5.43,      0.25,    206.67,      3.09
  687.06,   3363.00,      5.17,      0.12,    202.44,      3.23
  685.39,   3383.00,      4.86,     -0.02,    197.57,      3.50
  683.72,   3403.00,      4.62,     -0.11,    193.35,      3.67
  682.05,   3423.00,      4.47,     -0.18,    185.49,      3.56
  680.39,   3443.00,      4.42,     -0.25,    176.29,      3.04
  678.73,   3463.00,      4.36,     -0.37,    174.51,      2.40
  677.07,   3483.00,      4.19,     -0.59,    180.78,      1.65
  675.42,   3503.00,      3.96,     -0.91,    184.51,      0.98
  673.77,   3523.00,      3.90,     -1.12,    182.47,      0.95
  672.12,   3543.00,      3.91,     -1.28,    193.89,      1.03
  670.47,   3563.00,      3.79,     -1.49,    206.48,      1.24
  668.83,   3583.00,      3.54,     -1.66,    221.75,      1.62
  667.19,   3603.00,      3.39,     -1.74,    230.06,      2.18
  665.56,   3623.00,      3.33,     -1.85,    230.87,      2.62
  663.93,   3643.00,      3.13,     -2.11,    228.34,      3.04
  662.30,   3663.00,      2.90,     -2.30,    225.61,      3.38
  660.67,   3683.00,      2.82,     -2.44,    228.94,      3.07
  659.05,   3703.00,      2.81,     -2.78,    240.78,      2.78
  657.43,   3723.00,      2.72,     -3.46,    246.46,      2.53
  655.81,   3743.00,      2.58,     -3.79,    237.64,      2.72
  654.20,   3763.00,      2.46,     -3.94,    233.07,      3.24
  652.59,   3783.00,      2.28,     -4.22,    232.79,      3.82
  650.98,   3803.00,      2.12,     -4.59,    232.18,      4.06
  649.38,   3823.00,      2.01,     -4.89,    230.72,      4.20
  647.78,   3843.00,      1.90,     -5.18,    237.39,      4.07
  646.18,   3863.00,      1.79,     -5.57,    247.35,      3.76
  644.59,   3883.00,      1.70,     -6.54,    249.41,      3.57
  643.00,   3903.00,      1.68,     -8.31,    238.61,      3.53
  641.41,   3923.00,      1.76,    -11.36,    230.59,      3.27
  639.83,   3943.00,      1.91,    -15.89,    220.88,      3.20
  638.25,   3963.00,      1.93,    -18.88,    213.61,      2.90
  636.67,   3983.00,      1.82,    -20.50,    211.40,      2.57
  635.10,   4003.00,      1.67,    -20.83,    211.03,      1.96
  633.53,   4023.00,      1.50,    -20.47,    202.78,      1.73
  631.96,   4043.00,      1.36,    -19.91,    188.48,      1.35
  630.40,   4063.00,      1.28,    -19.18,    170.44,      1.55
  628.84,   4083.00,      1.32,    -18.54,    169.34,      1.46
  627.29,   4103.00,      1.35,    -18.11,    183.80,      1.64
  625.73,   4123.00,      1.34,    -17.91,    195.87,      1.64
  624.18,   4143.00,      1.28,    -17.82,    200.90,      1.46
  622.64,   4163.00,      1.03,    -17.65,    204.02,      0.98
  621.10,   4183.00,      0.85,    -17.45,    208.00,      0.77
  619.56,   4203.00,      0.77,    -17.46,    211.24,      0.44
  618.02,   4223.00,      0.70,    -17.77,    211.40,      0.36
  616.49,   4243.00,      0.59,    -18.16,    208.04,      0.39
  614.96,   4263.00,      0.44,    -18.53,    186.26,      0.63
  613.43,   4283.00,      0.28,    -19.02,    136.29,      1.16
  611.91,   4303.00,      0.13,    -19.63,     82.00,      1.94
  610.39,   4323.00,      0.00,    -19.99,     64.31,      2.98
  608.87,   4343.00,     -0.11,    -19.96,     69.20,      4.28
  607.36,   4363.00,     -0.22,    -19.86,     71.76,      5.25
  605.84,   4383.00,     -0.21,    -20.24,     76.22,      6.02
  604.34,   4403.00,     -0.20,    -20.91,     77.74,      6.55
  602.83,   4423.00,     -0.22,    -22.00,     76.98,      6.87
  601.33,   4443.00,     -0.16,    -23.46,     72.36,      6.92
  599.83,   4463.00,     -0.15,    -25.27,     69.80,      6.72
  598.34,   4483.00,     -0.27,    -26.84,     69.49,      6.27
  596.85,   4503.00,     -0.45,    -27.37,     75.55,      5.94
  595.36,   4523.00,     -0.54,    -27.47,     83.19,      5.74
  593.88,   4543.00,     -0.57,    -27.74,     88.31,      5.70
  592.40,   4563.00,     -0.66,    -28.29,     89.98,      5.94
  590.92,   4583.00,     -0.75,    -28.37,     94.28,      6.43
  589.44,   4603.00,     -0.87,    -27.82,     99.57,      6.92
  587.97,   4623.00,     -1.02,    -26.61,    101.64,      7.50
  586.50,   4643.00,     -1.24,    -24.72,    104.15,      8.17
  585.04,   4663.00,     -1.46,    -22.83,    104.80,      8.70
  583.58,   4683.00,     -1.50,    -21.92,     99.51,      9.23
  582.12,   4703.00,     -1.49,    -21.79,     90.95,      9.49
  580.66,   4723.00,     -1.61,    -22.27,     84.94,      9.53
  579.21,   4743.00,     -1.79,    -23.11,     83.67,      9.45
  577.76,   4763.00,     -1.84,    -24.33,     82.79,      9.32
  576.31,   4783.00,     -1.82,    -25.16,     83.03,      9.28
  574.87,   4803.00,     -1.84,    -25.40,     83.91,      9.45
  573.43,   4823.00,     -2.03,    -25.20,     86.15,      9.88
  571.99,   4843.00,     -2.20,    -24.92,     89.81,     10.28
  570.56,   4863.00,     -2.35,    -24.62,     94.96,     10.50
  569.13,   4883.00,     -2.46,    -24.45,     99.24,     10.72
  567.70,   4903.00,     -2.49,    -24.43,    100.50,     10.92
  566.27,   4923.00,     -2.49,    -24.52,     98.99,     11.02
  564.85,   4943.00,     -2.52,    -24.77,     97.71,     11.13
  563.44,   4963.00,     -2.60,    -25.43,     94.89,     11.13
  562.02,   4983.00,     -2.71,    -26.99,     91.89,     11.04
  560.61,   5003.00,     -2.92,    -29.83,     89.50,     10.91
  559.20,   5023.00,     -3.14,    -33.27,     88.86,     10.64
  557.79,   5043.00,     -3.34,    -36.00,     87.95,     10.45
  556.39,   5063.00,     -3.46,    -37.28,     87.21,     10.39
  554.98,   5083.00,     -3.59,    -37.98,     86.62,     10.44
  553.59,   5103.00,     -3.61,    -38.20,     86.23,     10.51
  552.19,   5123.00,     -3.60,    -38.23,     86.85,     10.56
  550.80,   5143.00,     -3.67,    -38.31,     87.16,     10.59
  549.41,   5163.00,     -3.78,    -38.39,     86.71,     10.56
  548.02,   5183.00,     -3.83,    -37.93,     85.80,     10.61
  546.64,   5203.00,     -3.95,    -36.36,     85.72,     10.70
  545.26,   5223.00,     -4.13,    -34.49,     86.75,     10.77
  543.88,   5243.00,     -4.19,    -33.52,     87.58,     10.75
  542.51,   5263.00,     -4.19,    -33.49,     87.35,     10.64
  541.14,   5283.00,     -4.30,    -33.77,     86.08,     10.50
  539.77,   5303.00,     -4.48,    -34.22,     86.46,     10.42
  538.40,   5323.00,     -4.63,    -35.12,     89.62,     10.54
  537.04,   5343.00,     -4.78,    -36.44,     94.31,     10.69
  535.68,   5363.00,     -4.93,    -37.57,     98.15,     10.80
  534.32,   5383.00,     -4.99,    -38.23,     99.79,     10.77
  532.97,   5403.00,     -4.98,    -38.64,     99.12,     10.44
  531.62,   5423.00,     -5.00,    -38.89,     97.81,      9.89
  530.27,   5443.00,     -5.11,    -38.79,     95.97,      9.37
  528.93,   5463.00,     -5.26,    -38.28,     95.62,      8.92
  527.58,   5483.00,     -5.38,    -37.98,     96.98,      8.62
  526.25,   5503.00,     -5.54,    -38.30,     99.43,      8.50
  524.91,   5523.00,     -5.77,    -39.12,    102.66,      8.56
  523.57,   5543.00,     -6.01,    -39.63,    105.80,      8.66
  522.24,   5563.00,     -6.18,    -39.40,    108.03,      8.69
  520.91,   5583.00,     -6.28,    -38.82,    109.51,      8.66
  519.59,   5603.00,     -6.35,    -38.22,    110.13,      8.68
  518.26,   5623.00,     -6.45,    -37.74,    110.40,      8.79
  516.94,   5643.00,     -6.50,    -37.20,    110.04,      8.93
  515.63,   5663.00,     -6.55,    -36.75,    108.15,      9.13
  514.31,   5683.00,     -6.64,    -36.61,    105.17,      9.29
  513.00,   5703.00,     -6.90,    -36.87,    102.56,      9.33
  511.69,   5723.00,     -7.04,    -37.04,    100.81,      9.36
  510.38,   5743.00,     -7.11,    -36.99,     99.45,      9.57
  509.08,   5763.00,     -7.17,    -36.75,     97.69,      9.81
  507.78,   5783.00,     -7.40,    -36.64,     95.43,     10.14
  506.48,   5803.00,     -7.71,    -36.26,     94.10,     10.44
  505.18,   5823.00,     -7.99,    -34.61,     94.75,     10.60
  503.89,   5843.00,     -8.09,    -32.37,     96.72,     10.58
  502.60,   5863.00,     -8.15,    -31.19,     99.60,     10.42
  501.31,   5883.00,     -8.26,    -31.11,    101.59,     10.13
  500.02,   5903.00,     -8.37,    -31.22,    102.39,      9.85
  498.74,   5923.00,     -8.37,    -31.02,    101.91,      9.67
  497.46,   5943.00,     -8.43,    -30.58,    101.66,      9.59
  496.18,   5963.00,     -8.56,    -30.21,    100.25,      9.76
  494.91,   5983.00,     -8.75,    -30.08,     98.30,     10.11
  493.64,   6003.00,     -8.92,    -30.21,     95.84,     10.60
  492.37,   6023.00,     -9.07,    -30.60,     93.67,     11.19
  491.10,   6043.00,     -9.25,    -31.09,     91.21,     11.86
  489.84,   6063.00,     -9.34,    -31.29,     89.33,     12.31
  488.58,   6083.00,     -9.38,    -31.33,     88.91,     12.43
  487.32,   6103.00,     -9.43,    -31.25,     89.16,     12.35
  486.06,   6123.00,     -9.67,    -31.17,     90.02,     12.10
  484.81,   6143.00,     -9.93,    -31.07,     90.63,     11.61
  483.56,   6163.00,    -10.15,    -30.92,     91.07,     11.21
  482.31,   6183.00,    -10.32,    -30.79,     93.04,     10.72
  481.06,   6203.00,    -10.49,    -30.75,     95.51,     10.15
  479.82,   6223.00,    -10.69,    -30.79,     97.43,      9.64
  478.58,   6243.00,    -10.88,    -30.88,     98.74,      9.22
  477.34,   6263.00,    -11.03,    -31.03,    100.77,      8.97
  476.10,   6283.00,    -11.18,    -31.22,    101.72,      8.99
  474.87,   6303.00,    -11.31,    -31.31,    101.60,      9.20
  473.63,   6323.00,    -11.33,    -31.18,    100.15,      9.67
  472.41,   6343.00,    -11.32,    -30.95,     97.72,     10.10
  471.18,   6363.00,    -11.38,    -30.84,     96.31,     10.55
  469.96,   6383.00,    -11.47,    -30.79,     96.53,     10.70
  468.74,   6403.00,    -11.56,    -30.78,     98.53,     10.69
  467.52,   6423.00,    -11.76,    -30.93,    100.18,     10.51
  466.30,   6443.00,    -11.98,    -31.14,    102.22,     10.36
  465.09,   6463.00,    -12.08,    -31.33,    104.08,     10.12
  463.88,   6483.00,    -12.16,    -31.61,    106.08,     10.06
  462.67,   6503.00,    -12.31,    -32.00,    108.23,      9.93
  461.47,   6523.00,    -12.71,    -32.68,    111.97,      9.68
  460.26,   6543.00,    -12.93,    -33.10,    115.49,      9.32
  459.06,   6563.00,    -13.08,    -33.48,    116.36,      9.03
  457.86,   6583.00,    -13.21,    -34.05,    114.78,      9.03
  456.67,   6603.00,    -13.41,    -35.00,    111.48,      9.27
  455.47,   6623.00,    -13.49,    -35.99,    109.42,      9.86
  454.28,   6643.00,    -13.60,    -37.04,    110.09,     10.45
  453.09,   6663.00,    -13.54,    -37.77,    112.60,     10.90
  451.91,   6683.00,    -13.48,    -37.91,    115.18,     10.93
  450.73,   6703.00,    -13.53,    -37.76,    116.68,     10.85
  449.55,   6723.00,    -13.64,    -37.30,    117.84,     10.67
  448.37,   6743.00,    -13.67,    -36.75,    118.27,     10.59
  447.19,   6763.00,    -13.70,    -36.48,    118.57,     10.45
  446.02,   6783.00,    -13.87,    -36.47,    118.45,     10.30
  444.85,   6803.00,    -14.15,    -36.64,    116.72,     10.28
  443.68,   6823.00,    -14.28,    -36.76,    115.58,     10.44
  442.52,   6843.00,    -14.34,    -36.87,    114.63,     10.63
  441.36,   6863.00,    -14.39,    -37.03,    115.83,     10.77
  440.20,   6883.00,    -14.50,    -37.22,    116.40,     10.92
  439.04,   6903.00,    -14.55,    -37.29,    115.91,     10.98
  437.89,   6923.00,    -14.58,    -37.31,    114.10,     11.09
  436.74,   6943.00,    -14.71,    -37.48,    112.08,     11.17
  435.59,   6963.00,    -14.94,    -37.80,    110.95,     11.28
  434.44,   6983.00,    -15.12,    -38.09,    111.44,     11.51
  433.30,   7003.00,    -15.31,    -38.32,    111.41,     11.69
  432.15,   7023.00,    -15.44,    -38.39,    111.17,     11.93
  431.01,   7043.00,    -15.57,    -38.44,    111.50,     12.19
  429.88,   7063.00,    -15.70,    -38.51,    112.12,     12.36
  428.74,   7083.00,    -15.82,    -38.59,    112.42,     12.43
  427.61,   7103.00,    -15.98,    -38.71,    112.36,     12.63
  426.48,   7123.00,    -16.13,    -38.81,    112.14,     12.77
  425.35,   7143.00,    -16.14,    -38.80,    112.03,     12.86
  424.23,   7163.00,    -16.18,    -38.84,    112.66,     12.89
  423.11,   7183.00,    -16.45,    -39.10,    113.56,     12.84
  421.99,   7203.00,    -16.74,    -39.37,    114.47,     12.71
  420.87,   7223.00,    -16.88,    -39.53,    115.50,     12.60
  419.75,   7243.00,    -17.10,    -39.80,    117.17,     12.54
  418.64,   7263.00,    -17.35,    -40.10,    118.35,     12.56
  417.53,   7283.00,    -17.47,    -40.22,    117.64,     12.79
  416.42,   7303.00,    -17.54,    -40.34,    116.33,     13.22
  415.31,   7323.00,    -17.68,    -40.64,    116.27,     13.77
  414.21,   7343.00,    -17.72,    -40.84,    117.15,     14.22
  413.11,   7363.00,    -17.73,    -40.86,    117.67,     14.58
  412.01,   7383.00,    -17.79,    -40.82,    117.60,     14.73
  410.91,   7403.00,    -18.10,    -40.96,    117.24,     14.71
  409.82,   7423.00,    -18.33,    -40.97,    116.86,     14.66
  408.73,   7443.00,    -18.41,    -40.90,    116.94,     14.56
  407.64,   7463.00,    -18.44,    -40.93,    117.11,     14.39
%END%
