%TITLE%
 XXX   230601/1901
 Saved by user: User on 20230601/2006 UTC
   LEVEL       HGHT       TEMP       DWPT       WDIR       WSPD
-------------------------------------------------------------------
%RAW%
  990.44,    182.00,  -9999.00,  -9999.00,  -9999.00,  -9999.00
  988.26,    201.00,     18.41,     13.97,    117.31,     11.13
  985.98,    221.00,     19.93,     14.95,    124.19,      9.96
  983.71,    241.00,     21.86,     15.52,    130.49,      9.30
  981.47,    261.00,     23.44,     15.38,    134.17,      8.66
  979.24,    281.00,     24.69,     14.93,    135.00,      8.38
  977.03,    301.00,     25.50,     14.46,    136.87,      8.34
  974.82,    321.00,     25.81,     14.08,    136.54,      8.22
  972.62,    341.00,     25.78,     13.86,    134.89,      8.15
  970.42,    361.00,     25.68,     13.57,    133.81,      8.27
  968.22,    381.00,     25.58,     13.46,    135.39,      8.29
  966.03,    401.00,     25.37,     13.54,    139.42,      8.46
  963.85,    421.00,     25.25,     13.76,    141.41,      8.58
  961.67,    441.00,     25.26,     13.66,    140.27,      8.93
  959.50,    461.00,     25.40,     13.20,    138.17,      9.22
  957.33,    481.00,     25.37,     12.88,    139.52,      9.52
  955.16,    501.00,     25.31,     12.87,    142.01,      9.70
  953.01,    521.00,     25.32,     13.02,    145.39,      9.85
  950.85,    541.00,     25.45,     12.94,    149.55,      9.90
  948.71,    561.00,     25.57,     12.67,    154.17,      9.90
  946.56,    581.00,     25.59,     12.57,    157.42,      9.93
  944.42,    601.00,     25.41,     12.67,    159.21,      9.87
  942.28,    621.00,     25.32,     12.88,    161.87,      9.78
  940.15,    641.00,     25.35,     12.97,    164.48,      9.67
  938.02,    661.00,     25.35,     12.91,    164.66,      9.62
  935.90,    681.00,     25.28,     12.55,    163.17,      9.45
  933.78,    701.00,     25.25,     12.18,    161.44,      9.36
  931.66,    721.00,     25.28,     12.06,    160.96,      9.38
  929.55,    741.00,     25.15,     12.15,    161.57,      9.44
  927.45,    761.00,     24.92,     12.37,    163.58,      9.48
  925.35,    781.00,     24.78,     12.69,    165.61,      9.66
  923.25,    801.00,     24.77,     12.94,    166.78,      9.75
  921.15,    821.00,     24.58,     13.01,    167.49,      9.73
  919.06,    841.00,     24.18,     12.92,    167.86,      9.65
  916.97,    861.00,     23.83,     12.81,    166.44,      9.51
  914.88,    881.00,     23.64,     12.73,    164.74,      9.27
  912.80,    901.00,     23.54,     12.65,    163.19,      9.08
  910.72,    921.00,     23.52,     12.58,    162.21,      8.96
  908.65,    941.00,     23.49,     12.42,    161.72,      8.88
  906.58,    961.00,     23.37,     12.29,    162.20,      8.82
  904.51,    981.00,     23.11,     12.20,    162.67,      8.85
  902.45,   1001.00,     22.88,     12.17,    162.05,      8.95
  900.39,   1021.00,     22.67,     12.09,    162.03,      8.99
  898.33,   1041.00,     22.53,     11.97,    162.17,      9.04
  896.27,   1061.00,     22.40,     11.84,    162.90,      9.03
  894.23,   1081.00,     22.43,     11.70,    162.89,      8.94
  892.18,   1101.00,     22.33,     11.48,    164.33,      8.82
  890.14,   1121.00,     22.04,     11.23,    166.05,      8.72
  888.10,   1141.00,     21.74,     11.12,    168.04,      8.56
  886.07,   1161.00,     21.69,     11.11,    169.39,      8.41
  884.04,   1181.00,     21.78,     11.15,    169.87,      8.21
  882.01,   1201.00,     21.82,     11.18,    168.06,      8.00
  879.98,   1221.00,     21.70,     11.23,    165.63,      7.86
  877.97,   1241.00,     21.37,     11.28,    163.83,      7.69
  875.95,   1261.00,     21.17,     11.37,    163.17,      7.54
  873.94,   1281.00,     20.98,     11.31,    164.12,      7.40
  871.93,   1301.00,     20.75,     11.19,    166.86,      7.36
  869.92,   1321.00,     20.52,     11.04,    167.53,      7.28
  867.92,   1341.00,     20.40,     10.93,    166.82,      7.32
  865.92,   1361.00,     20.18,     10.74,    166.33,      7.45
  863.92,   1381.00,     20.00,     10.62,    168.74,      7.66
  861.93,   1401.00,     19.76,     10.45,    169.45,      7.82
  859.94,   1421.00,     19.51,     10.27,    169.86,      7.98
  857.95,   1441.00,     19.26,     10.17,    170.37,      8.07
  855.97,   1461.00,     19.09,     10.12,    171.50,      8.10
  853.99,   1481.00,     18.99,     10.12,    171.75,      8.19
  852.01,   1501.00,     18.92,     10.09,    172.57,      8.16
  850.04,   1521.00,     18.82,     10.04,    173.44,      8.16
  848.07,   1541.00,     18.65,      9.92,    174.83,      8.13
  846.11,   1561.00,     18.47,      9.85,    175.95,      8.19
  844.14,   1581.00,     18.24,      9.67,    176.54,      8.22
  842.18,   1601.00,     18.04,      9.48,    177.00,      8.31
  840.23,   1621.00,     17.98,      9.38,    178.01,      8.34
  838.28,   1641.00,     18.09,      9.30,    179.73,      8.43
  836.34,   1661.00,     18.04,      9.14,    180.13,      8.51
  834.39,   1681.00,     17.88,      9.01,    179.55,      8.62
  832.45,   1701.00,     17.82,      8.99,    178.49,      8.77
  830.52,   1721.00,     17.79,      8.90,    176.93,      8.94
  828.59,   1741.00,     17.46,      8.62,    175.78,      9.09
  826.66,   1761.00,     17.12,      8.42,    173.93,      9.14
  824.73,   1781.00,     16.93,      8.36,    172.41,      9.17
  822.81,   1801.00,     16.90,      8.43,    170.74,      9.23
  820.89,   1821.00,     16.87,      8.42,    169.28,      9.37
  818.97,   1841.00,     16.72,      8.15,    168.36,      9.66
  817.06,   1861.00,     16.25,      7.62,    168.24,      9.89
  815.15,   1881.00,     16.02,      7.43,    168.34,     10.09
  813.25,   1901.00,     15.85,      7.28,    168.23,     10.04
  811.34,   1921.00,     15.63,      7.16,    169.10,      9.89
  809.44,   1941.00,     15.49,      7.16,    170.36,      9.61
  807.55,   1961.00,     15.52,      7.26,    171.37,      9.33
  805.65,   1981.00,     15.38,      7.24,    171.70,      8.98
  803.76,   2001.00,     15.12,      7.19,    171.63,      8.76
  801.88,   2021.00,     14.85,      7.15,    171.21,      8.61
  799.99,   2041.00,     14.69,      7.09,    171.17,      8.52
  798.11,   2061.00,     14.53,      6.99,    172.20,      8.56
  796.23,   2081.00,     14.31,      6.91,    173.81,      8.55
  794.36,   2101.00,     14.12,      6.87,    174.21,      8.59
  792.49,   2121.00,     14.08,      6.91,    174.45,      8.67
  790.62,   2141.00,     14.07,      6.86,    174.93,      8.69
  788.76,   2161.00,     13.92,      6.55,    176.56,      8.59
  786.90,   2181.00,     13.53,      6.19,    178.67,      8.46
  785.04,   2201.00,     13.27,      6.03,    180.78,      8.16
  783.18,   2221.00,     13.23,      5.91,    181.93,      7.87
  781.33,   2241.00,     13.26,      5.70,    182.11,      7.57
  779.49,   2261.00,     13.19,      5.42,    182.10,      7.32
  777.64,   2281.00,     13.05,      5.16,    182.46,      7.16
  775.80,   2301.00,     12.83,      4.96,    182.15,      7.09
  773.97,   2321.00,     12.56,      4.91,    180.24,      7.14
  772.13,   2341.00,     12.58,      5.08,    177.85,      7.17
  770.30,   2361.00,     12.50,      4.95,    176.79,      7.13
  768.48,   2381.00,     12.18,      4.66,    175.79,      7.02
  766.65,   2401.00,     11.81,      4.46,    176.12,      6.86
  764.83,   2421.00,     11.71,      4.53,    178.84,      6.66
  763.02,   2441.00,     11.73,      4.58,    182.95,      6.52
  761.20,   2461.00,     11.77,      4.51,    185.30,      6.45
  759.39,   2481.00,     11.79,      4.39,    187.56,      6.39
  757.59,   2501.00,     11.74,      4.17,    189.24,      6.38
  755.79,   2521.00,     11.45,      3.77,    191.95,      6.35
  753.99,   2541.00,     11.18,      3.50,    194.40,      6.27
  752.19,   2561.00,     11.07,      3.43,    195.10,      6.08
  750.40,   2581.00,     10.89,      3.34,    194.18,      5.92
  748.61,   2601.00,     10.54,      3.23,    196.91,      5.83
  746.82,   2621.00,     10.28,      3.15,    200.38,      5.83
  745.04,   2641.00,     10.18,      3.07,    205.07,      5.89
  743.26,   2661.00,     10.26,      3.00,    206.45,      5.98
  741.48,   2681.00,     10.21,      2.77,    208.57,      6.09
  739.71,   2701.00,     10.17,      2.63,    208.73,      6.04
  737.94,   2721.00,     10.06,      2.48,    209.24,      5.98
  736.18,   2741.00,      9.84,      2.37,    206.95,      5.73
  734.42,   2761.00,      9.52,      2.31,    204.37,      5.41
  732.66,   2781.00,      9.53,      2.42,    201.94,      5.07
  730.91,   2801.00,      9.44,      2.19,    204.99,      4.82
  729.15,   2821.00,      9.02,      1.79,    205.76,      4.68
  727.40,   2841.00,      8.73,      1.71,    205.03,      4.64
  725.66,   2861.00,      8.65,      1.79,    204.51,      4.61
  723.91,   2881.00,      8.65,      1.79,    205.20,      4.46
  722.17,   2901.00,      8.56,      1.68,    202.55,      4.28
  720.44,   2921.00,      8.30,      1.57,    200.50,      3.87
  718.70,   2941.00,      8.02,      1.61,    197.85,      3.24
  716.97,   2961.00,      7.79,      1.62,    193.45,      2.65
  715.24,   2981.00,      7.63,      1.42,    189.95,      2.05
  713.52,   3001.00,      7.59,      1.17,    191.13,      1.65
  711.80,   3021.00,      7.53,      0.83,    184.41,      1.50
  710.08,   3041.00,      7.29,      0.44,    173.00,      1.72
  708.36,   3061.00,      7.21,      0.41,    168.47,      1.66
  706.65,   3081.00,      7.19,      0.39,    164.16,      1.79
  704.94,   3101.00,      7.04,      0.27,    167.94,      1.56
  703.24,   3121.00,      6.83,      0.13,    187.14,      1.23
  701.54,   3141.00,      6.80,      0.17,    208.02,      0.81
  699.84,   3161.00,      6.68,      0.03,    230.17,      0.78
  698.14,   3181.00,      6.49,     -0.17,    251.84,      0.73
  696.45,   3201.00,      6.29,     -0.35,    273.05,      1.01
  694.76,   3221.00,      6.19,     -0.38,    284.31,      1.06
  693.08,   3241.00,      6.10,     -0.34,    309.93,      1.11
  691.40,   3261.00,      6.08,     -0.39,    334.45,      1.14
  689.72,   3281.00,      6.00,     -0.71,    322.83,      1.36
  688.05,   3301.00,      5.85,     -1.07,    302.23,      1.65
  686.38,   3321.00,      5.81,     -1.10,    286.03,      2.07
  684.71,   3341.00,      5.86,     -0.99,    281.56,      2.27
  683.04,   3361.00,      5.76,     -1.15,    287.76,      2.46
  681.38,   3381.00,      5.43,     -1.60,    298.97,      2.57
  679.73,   3401.00,      5.14,     -1.99,    311.38,      2.73
  678.07,   3421.00,      5.00,     -2.26,    319.59,      2.84
  676.42,   3441.00,      4.91,     -2.52,    323.54,      2.97
  674.77,   3461.00,      4.82,     -2.80,    325.12,      3.07
  673.13,   3481.00,      4.79,     -3.02,    330.00,      3.26
  671.48,   3501.00,      4.68,     -3.23,    330.25,      3.35
  669.84,   3521.00,      4.46,     -3.44,    328.10,      3.47
  668.21,   3541.00,      4.27,     -3.56,    326.96,      3.54
  666.58,   3561.00,      4.25,     -3.60,    324.49,      3.54
  664.95,   3581.00,      4.36,     -3.64,    319.38,      3.54
  663.32,   3601.00,      4.34,     -3.80,    316.24,      3.56
  661.70,   3621.00,      4.18,     -3.96,    312.36,      3.53
  660.08,   3641.00,      4.12,     -3.95,    307.68,      3.53
  658.47,   3661.00,      4.02,     -4.08,    306.57,      3.49
  656.86,   3681.00,      3.70,     -4.45,    309.95,      3.41
  655.25,   3701.00,      3.42,     -4.73,    314.72,      3.36
  653.64,   3721.00,      3.38,     -4.89,    314.72,      3.45
  652.04,   3741.00,      3.16,     -5.22,    311.15,      3.45
  650.44,   3761.00,      2.96,     -5.44,    310.38,      3.47
  648.84,   3781.00,      2.75,     -5.69,    314.79,      3.32
  647.25,   3801.00,      2.65,     -6.00,    324.78,      3.15
  645.66,   3821.00,      2.55,     -6.52,    343.28,      2.90
  644.07,   3841.00,      2.52,     -7.21,    355.64,      2.65
  642.48,   3861.00,      2.38,     -9.15,    351.93,      2.31
  640.90,   3881.00,      2.28,    -11.90,    332.85,      2.12
  639.32,   3901.00,      2.24,    -13.48,    326.74,      1.90
  637.74,   3921.00,      2.23,    -15.63,    337.64,      2.04
  636.17,   3941.00,      2.22,    -17.61,    345.54,      2.26
  634.60,   3961.00,      2.22,    -18.70,    334.75,      2.47
  633.04,   3981.00,      2.16,    -19.46,    321.71,      2.65
  631.48,   4001.00,      2.08,    -19.54,    317.41,      2.88
  629.92,   4021.00,      2.00,    -19.03,    319.12,      3.08
  628.36,   4041.00,      1.92,    -18.27,    328.26,      3.22
  626.81,   4061.00,      1.93,    -17.40,    340.51,      3.25
  625.26,   4081.00,      1.79,    -16.98,    347.74,      3.08
  623.72,   4101.00,      1.55,    -16.96,    350.64,      3.01
  622.18,   4121.00,      1.23,    -17.08,      0.53,      2.93
  620.64,   4141.00,      1.17,    -17.09,     15.68,      3.00
  619.10,   4161.00,      1.11,    -17.22,     29.32,      3.00
  617.56,   4181.00,      0.95,    -17.42,     35.69,      3.28
  616.03,   4201.00,      0.50,    -17.83,     46.20,      3.64
  614.50,   4221.00,      0.17,    -18.17,     57.75,      4.02
  612.98,   4241.00,      0.03,    -18.46,     60.61,      4.37
  611.46,   4261.00,     -0.09,    -18.88,     64.40,      4.67
  609.94,   4281.00,     -0.02,    -19.17,     68.96,      4.83
  608.42,   4301.00,     -0.03,    -19.45,     72.31,      4.91
  606.91,   4321.00,     -0.25,    -19.79,     72.18,      5.11
  605.40,   4341.00,     -0.59,    -20.01,     72.84,      5.29
  603.89,   4361.00,     -0.74,    -20.01,     75.31,      5.27
  602.39,   4381.00,     -0.87,    -20.01,     78.64,      5.35
  600.88,   4401.00,     -1.05,    -19.83,     84.91,      5.49
  599.39,   4421.00,     -1.11,    -19.35,     88.75,      5.85
  597.89,   4441.00,     -1.19,    -19.18,     88.55,      6.25
  596.40,   4461.00,     -1.26,    -19.58,     86.14,      6.65
  594.91,   4481.00,     -1.23,    -20.54,     84.96,      6.88
  593.42,   4501.00,     -1.22,    -21.36,     85.46,      6.89
  591.94,   4521.00,     -1.32,    -21.93,     84.04,      6.80
  590.46,   4541.00,     -1.42,    -22.50,     82.85,      6.62
  588.98,   4561.00,     -1.56,    -22.89,     86.33,      6.47
  587.51,   4581.00,     -1.62,    -22.86,     93.55,      6.40
  586.04,   4601.00,     -1.71,    -22.76,     97.67,      6.54
  584.57,   4621.00,     -1.91,    -22.62,    100.55,      6.80
  583.11,   4641.00,     -1.96,    -22.25,    102.71,      7.37
  581.65,   4661.00,     -1.84,    -21.80,    106.13,      8.13
  580.20,   4681.00,     -1.83,    -21.44,    109.24,      8.88
  578.74,   4701.00,     -2.05,    -21.31,    112.00,      9.80
  577.29,   4721.00,     -2.35,    -21.23,    112.74,     10.76
  575.84,   4741.00,     -2.55,    -21.06,    113.28,     11.68
  574.40,   4761.00,     -2.72,    -20.98,    112.52,     12.35
  572.96,   4781.00,     -2.85,    -21.04,    110.65,     12.71
  571.52,   4801.00,     -3.03,    -21.33,    107.21,     12.62
  570.08,   4821.00,     -3.13,    -21.71,    103.71,     12.29
  568.65,   4841.00,     -3.15,    -22.07,    101.28,     11.77
  567.22,   4861.00,     -3.12,    -22.78,     99.63,     11.42
  565.79,   4881.00,     -3.13,    -23.89,     99.62,     11.34
  564.37,   4901.00,     -3.10,    -24.79,    101.44,     11.43
  562.96,   4921.00,     -3.12,    -25.80,    102.56,     11.62
  561.54,   4941.00,     -3.23,    -26.48,    102.29,     11.78
  560.13,   4961.00,     -3.34,    -26.72,    101.98,     11.92
  558.72,   4981.00,     -3.35,    -26.77,    103.76,     11.97
  557.31,   5001.00,     -3.36,    -27.06,    107.36,     12.10
  555.91,   5021.00,     -3.47,    -27.56,    110.66,     12.05
  554.51,   5041.00,     -3.52,    -27.94,    112.53,     11.96
  553.11,   5061.00,     -3.59,    -28.56,    112.12,     11.71
  551.72,   5081.00,     -3.74,    -29.45,    111.99,     11.52
  550.32,   5101.00,     -3.94,    -30.87,    110.74,     11.28
  548.94,   5121.00,     -3.98,    -32.03,    110.21,     11.15
  547.55,   5141.00,     -3.83,    -33.12,    110.42,     11.05
  546.17,   5161.00,     -3.75,    -34.43,    112.32,     10.98
  544.79,   5181.00,     -3.82,    -35.45,    113.70,     11.04
  543.42,   5201.00,     -4.11,    -36.35,    115.19,     11.35
  542.05,   5221.00,     -4.19,    -36.67,    115.98,     11.99
  540.68,   5241.00,     -4.02,    -36.63,    117.26,     12.65
  539.31,   5261.00,     -3.89,    -36.59,    118.04,     13.08
  537.95,   5281.00,     -4.04,    -36.69,    118.11,     13.11
  536.59,   5301.00,     -4.28,    -36.77,    117.48,     12.88
  535.23,   5321.00,     -4.59,    -36.85,    117.44,     12.39
  533.88,   5341.00,     -4.83,    -36.79,    118.32,     12.17
  532.53,   5361.00,     -4.81,    -36.61,    119.23,     12.17
  531.18,   5381.00,     -4.73,    -36.52,    119.00,     12.45
  529.84,   5401.00,     -4.89,    -36.55,    118.81,     12.76
  528.49,   5421.00,     -5.30,    -36.38,    117.90,     12.96
  527.15,   5441.00,     -5.58,    -35.81,    117.04,     12.91
  525.81,   5461.00,     -5.55,    -35.22,    116.81,     12.84
  524.48,   5481.00,     -5.42,    -34.77,    116.28,     12.75
  523.15,   5501.00,     -5.59,    -34.66,    116.22,     12.58
  521.82,   5521.00,     -6.10,    -34.86,    116.18,     12.49
  520.49,   5541.00,     -6.53,    -34.96,    116.56,     12.53
  519.17,   5561.00,     -6.81,    -35.02,    117.05,     12.70
  517.84,   5581.00,     -7.01,    -35.32,    117.69,     12.89
  516.52,   5601.00,     -7.05,    -35.93,    119.14,     13.27
  515.20,   5621.00,     -6.99,    -36.66,    121.27,     13.59
  513.89,   5641.00,     -7.06,    -37.41,    123.32,     13.74
  512.58,   5661.00,     -7.26,    -37.92,    123.89,     13.78
  511.27,   5681.00,     -7.42,    -37.93,    123.05,     13.74
  509.96,   5701.00,     -7.52,    -37.70,    122.30,     13.60
  508.66,   5721.00,     -7.73,    -37.70,    121.10,     13.55
  507.35,   5741.00,     -7.85,    -37.60,    119.79,     13.63
  506.06,   5761.00,     -7.86,    -37.19,    119.26,     13.75
  504.76,   5781.00,     -7.83,    -36.63,    119.28,     14.02
  503.47,   5801.00,     -7.99,    -36.43,    119.36,     14.24
  502.18,   5821.00,     -8.15,    -36.72,    119.05,     14.31
  500.89,   5841.00,     -8.36,    -37.26,    119.15,     14.39
  499.60,   5861.00,     -8.61,    -37.60,    119.08,     14.29
  498.32,   5881.00,     -8.73,    -37.29,    118.64,     14.14
  497.04,   5901.00,     -8.86,    -36.85,    116.29,     13.99
  495.76,   5921.00,     -9.04,    -36.70,    113.41,     13.81
  494.48,   5941.00,     -9.13,    -36.77,    111.90,     13.51
  493.21,   5961.00,     -9.10,    -36.93,    113.87,     13.39
  491.94,   5981.00,     -9.24,    -37.27,    116.13,     13.31
  490.67,   6001.00,     -9.44,    -37.67,    116.43,     13.32
  489.41,   6021.00,     -9.64,    -38.01,    114.82,     13.46
  488.14,   6041.00,     -9.77,    -38.11,    113.67,     13.71
  486.88,   6061.00,     -9.84,    -37.98,    113.02,     13.86
  485.63,   6081.00,     -9.90,    -37.78,    113.04,     14.01
  484.37,   6101.00,    -10.07,    -37.54,    113.41,     14.03
  483.12,   6121.00,    -10.30,    -37.34,    114.01,     14.05
  481.87,   6141.00,    -10.41,    -36.95,    114.98,     13.87
  480.63,   6161.00,    -10.55,    -36.44,    116.22,     13.69
  479.39,   6181.00,    -10.72,    -36.00,    115.91,     13.53
  478.14,   6201.00,    -10.94,    -35.62,    114.13,     13.45
%END%
